#stage		 order
5	 		1


A
0.0000000000000000E+00	0.0000000000000000E+00	0.0000000000000000E+00	0.0000000000000000E+00	0.0000000000000000E+00	
1.9189497208340553E-01	0.0000000000000000E+00	0.0000000000000000E+00	0.0000000000000000E+00	0.0000000000000000E+00	
1.4129808147829057E-01	5.4506406707700059E-02	0.0000000000000000E+00	0.0000000000000000E+00	0.0000000000000000E+00	
1.0330094759164714E-01	1.8076479365188931E-02	1.2103893164085415E-01	0.0000000000000000E+00	0.0000000000000000E+00	
-2.1301060687673873E-03	-1.8199924231849414E-02	-1.5820901902936263E-01	6.8582252490550921E-01	0.0000000000000000E+00	

Ahat
0.0000000000000000E+00	0.0000000000000000E+00	0.0000000000000000E+00	0.0000000000000000E+00	0.0000000000000000E+00	
1.9189497208340553E-01	0.0000000000000000E+00	0.0000000000000000E+00	0.0000000000000000E+00	0.0000000000000000E+00	
1.4129808147829057E-01	5.4506406707700059E-02	0.0000000000000000E+00	0.0000000000000000E+00	0.0000000000000000E+00	
1.0330094759164714E-01	1.8076479365188931E-02	1.2103893164085415E-01	0.0000000000000000E+00	0.0000000000000000E+00	
-2.1301060687673873E-03	-1.8199924231849414E-02	-1.5820901902936263E-01	6.8582252490550921E-01	0.0000000000000000E+00	

b
7.0434298876445742E-02	
2.4349379840676050E-03	
-3.8586533853485622E-03	
5.1842844405113331E-02	
8.7914657211972225E-01	

bhat


c
0.0000000000000000E+00	
1.9189497208340553E-01	
1.9580448818599061E-01	
2.4241635859769023E-01	
5.0728347557552977E-01	

chat
0.0000000000000000E+00	
1.9189497208340553E-01	
1.9580448818599061E-01	
2.4241635859769023E-01	
5.0728347557552977E-01	

alpha
0.0000000000000000E+00	0.0000000000000000E+00	0.0000000000000000E+00	0.0000000000000000E+00	0.0000000000000000E+00	
0.0000000000000000E+00	0.0000000000000000E+00	0.0000000000000000E+00	0.0000000000000000E+00	0.0000000000000000E+00	
-0.0000000000000000E+00	1.0000000000000000E+00	0.0000000000000000E+00	0.0000000000000000E+00	0.0000000000000000E+00	
0.0000000000000000E+00	-7.5097764768181618E-01	1.7509776476818162E+00	0.0000000000000000E+00	0.0000000000000000E+00	
8.0043329115077388E-01	0.0000000000000000E+00	-5.9861189184677421E-01	7.9817860069600033E-01	0.0000000000000000E+00	
-2.4806101007773090E-01	0.0000000000000000E+00	0.0000000000000000E+00	6.9327582975344892E-01	5.5478518032428203E-01	

beta
0.0000000000000000E+00	0.0000000000000000E+00	0.0000000000000000E+00	0.0000000000000000E+00	0.0000000000000000E+00	
1.9189497208340553E-01	0.0000000000000000E+00	0.0000000000000000E+00	0.0000000000000000E+00	0.0000000000000000E+00	
-5.0596890605114964E-02	5.4506406707700059E-02	0.0000000000000000E+00	0.0000000000000000E+00	0.0000000000000000E+00	
0.0000000000000000E+00	-7.7363020435448085E-02	1.2103893164085415E-01	0.0000000000000000E+00	0.0000000000000000E+00	
0.0000000000000000E+00	0.0000000000000000E+00	-2.5481970411619842E-01	6.8582252490550921E-01	0.0000000000000000E+00	
0.0000000000000000E+00	0.0000000000000000E+00	0.0000000000000000E+00	-3.2864132874504398E-01	8.7914657211972225E-01	

gamma1
0.0000000000000000E+00	0.0000000000000000E+00	5.2910412316555866E-01	2.8433964362349406E-01	-1.4467571130907027E+00	7.5592215948661057E-02	

gamma2
0.0000000000000000E+00	1.0000000000000000E+00	2.6366970460864109E-01	3.7423646095836322E-01	7.8786901832431289E-01	3.7754129043053775E-01	

gamma3
0.0000000000000000E+00	0.0000000000000000E+00	0.0000000000000000E+00	0.0000000000000000E+00	8.0043329115077388E-01	1.3550099149374278E-01	

delta
1.0000000000000000E+00	7.8593091509463076E-01	1.2639038717454840E-01	1.7726945920209813E-01	0.0000000000000000E+00	

r
0.0000000000000000E+00	

errcoeff
4.1744207089487728E-02	

==============================================================

