#stage		 order
5	 		3


A
0.0000000000000000E+00	0.0000000000000000E+00	0.0000000000000000E+00	0.0000000000000000E+00	0.0000000000000000E+00	
8.4476964977404881E-02	0.0000000000000000E+00	0.0000000000000000E+00	0.0000000000000000E+00	0.0000000000000000E+00	
-2.7240292092836016E-02	3.0834660698015803E-01	0.0000000000000000E+00	0.0000000000000000E+00	0.0000000000000000E+00	
-4.1428015930939401E-02	2.9104979005034110E-01	3.2131664733089232E-01	0.0000000000000000E+00	0.0000000000000000E+00	
-4.9301202817873188E-03	2.0470656738495843E-01	2.4238677362852012E-01	2.8783574345390539E-01	0.0000000000000000E+00	

Ahat
0.0000000000000000E+00	0.0000000000000000E+00	0.0000000000000000E+00	0.0000000000000000E+00	0.0000000000000000E+00	
8.4476964977404881E-02	0.0000000000000000E+00	0.0000000000000000E+00	0.0000000000000000E+00	0.0000000000000000E+00	
-2.7240292092836016E-02	3.0834660698015803E-01	0.0000000000000000E+00	0.0000000000000000E+00	0.0000000000000000E+00	
-4.1428015930939401E-02	2.9104979005034110E-01	3.2131664733089232E-01	0.0000000000000000E+00	0.0000000000000000E+00	
-4.9301202817873188E-03	2.0470656738495843E-01	2.4238677362852012E-01	2.8783574345390539E-01	0.0000000000000000E+00	

b
-1.9308818085094548E-01	
4.1926501205934485E-01	
3.7252641405737497E-01	
-4.2069529229813529E-01	
8.2199204703236073E-01	

bhat


c
0.0000000000000000E+00	
8.4476964977404881E-02	
2.8110631488732202E-01	
5.7093842145029405E-01	
7.2999896418559662E-01	

chat
0.0000000000000000E+00	
8.4476964977404881E-02	
2.8110631488732202E-01	
5.7093842145029405E-01	
7.2999896418559662E-01	

alpha
0.0000000000000000E+00	0.0000000000000000E+00	0.0000000000000000E+00	0.0000000000000000E+00	0.0000000000000000E+00	
0.0000000000000000E+00	0.0000000000000000E+00	0.0000000000000000E+00	0.0000000000000000E+00	0.0000000000000000E+00	
-0.0000000000000000E+00	1.0000000000000000E+00	0.0000000000000000E+00	0.0000000000000000E+00	0.0000000000000000E+00	
0.0000000000000000E+00	-1.2699670767232515E-01	1.1269967076723251E+00	0.0000000000000000E+00	0.0000000000000000E+00	
3.8306787039991996E-01	0.0000000000000000E+00	1.4539438494138848E+00	-8.3701171981380473E-01	0.0000000000000000E+00	
1.1943837672932043E+00	0.0000000000000000E+00	0.0000000000000000E+00	5.3166494328841125E+00	-5.5110332001773168E+00	

beta
0.0000000000000000E+00	0.0000000000000000E+00	0.0000000000000000E+00	0.0000000000000000E+00	0.0000000000000000E+00	
8.4476964977404881E-02	0.0000000000000000E+00	0.0000000000000000E+00	0.0000000000000000E+00	0.0000000000000000E+00	
-1.1171725707024090E-01	3.0834660698015803E-01	0.0000000000000000E+00	0.0000000000000000E+00	0.0000000000000000E+00	
0.0000000000000000E+00	-5.6455820838229372E-02	3.2131664733089232E-01	0.0000000000000000E+00	0.0000000000000000E+00	
0.0000000000000000E+00	0.0000000000000000E+00	5.1133257321575609E-01	2.8783574345390539E-01	0.0000000000000000E+00	
0.0000000000000000E+00	0.0000000000000000E+00	0.0000000000000000E+00	1.1655770460740580E+00	8.2199204703236073E-01	

gamma1
0.0000000000000000E+00	0.0000000000000000E+00	6.9362208054011210E-01	9.1364483229179472E-01	1.3129305757628569E+00	-1.4615811339132949E+00	

gamma2
0.0000000000000000E+00	1.0000000000000000E+00	1.3224582239681788E+00	2.4213162353103135E-01	-3.8532017293685838E-01	1.5603355704723714E+00	

gamma3
0.0000000000000000E+00	0.0000000000000000E+00	0.0000000000000000E+00	0.0000000000000000E+00	3.8306787039991996E-01	-3.5683121201711010E-01	

delta
1.0000000000000000E+00	-7.6832695815481578E-01	1.2497251501714818E-01	1.4496404749796306E+00	0.0000000000000000E+00	

r
0.0000000000000000E+00	

errcoeff
1.2810100358671075E-02	

==============================================================

