#stability poly.
17

#stage	 order	 free params.	 h		 h/s		 iter		 poly. coeffs.

4	 3	 1		 0.0033369683660567	 0.0008342420915142	 00		1.0000000000000000e+00	1.0000000000000000e+00	5.0000000000000000e-01	1.6666666666666666e-01	2.3870933958424417e-02	
5	 3	 2		 0.0051779873319902	 0.0010355974663980	 00		1.0000000000000000e+00	1.0000000000000000e+00	5.0000000000000000e-01	1.6666666666666666e-01	2.8856566307997419e-02	1.9802637725775812e-03	
6	 3	 3		 0.0070090423105285	 0.0011681737184214	 00		1.0000000000000000e+00	1.0000000000000000e+00	5.0000000000000000e-01	1.6666666666666666e-01	3.2827264275644225e-02	3.4599911505204832e-03	1.5284003449863291e-04	
7	 3	 4		 0.0081909587606788	 0.0011701369658113	 00		1.0000000000000000e+00	1.0000000000000000e+00	5.0000000000000000e-01	1.6666666666666666e-01	3.5853572909811171e-02	4.6899812858073138e-03	3.4013280104272628e-04	1.0581868122319906e-05	
8	 3	 5		 0.0107185571687296	 0.0013398196460912	 00		1.0000000000000000e+00	1.0000000000000000e+00	5.0000000000000000e-01	1.6666666666666666e-01	3.6069372097847670e-02	5.3744108819438283e-03	5.1419376031567113e-04	2.8145270843313579e-05	6.7180586523675721e-07	
9	 3	 6		 0.0119151186663657	 0.0013239020740406	 00		1.0000000000000000e+00	1.0000000000000000e+00	5.0000000000000000e-01	1.6666666666666666e-01	3.8515544014111051e-02	6.2475548512276428e-03	7.0940098669869595e-04	5.2757942250022374e-05	2.2922436019653380e-06	4.4159905400435738e-08	
10	 3	 7		 0.0148362398613244	 0.0014836239861324	 00		1.0000000000000000e+00	1.0000000000000000e+00	5.0000000000000000e-01	1.6666666666666666e-01	3.7678942341915780e-02	6.3062942849872799e-03	7.6212383512064036e-04	6.6504925856222783e-05	3.9227796388898920e-06	1.3845290828740385e-07	2.2024167766913223e-09	
11	 3	 8		 0.0161572988145053	 0.0014688453467732	 00		1.0000000000000000e+00	1.0000000000000000e+00	5.0000000000000000e-01	1.6666666666666666e-01	3.9389132701963030e-02	6.8727934129776775e-03	9.0322519991368870e-04	8.8191548423312578e-05	6.2759370041360643e-06	3.0498418063072889e-07	8.9787684083975222e-09	1.2050943873361121e-10	
12	 3	 9		 0.0189188553486019	 0.0015765712790502	 00		1.0000000000000000e+00	1.0000000000000000e+00	5.0000000000000000e-01	1.6666666666666666e-01	3.8586049904432033e-02	6.7977946088205073e-03	9.0755869992537822e-04	9.4074866276038120e-05	7.4033135339581863e-06	4.3385545816864763e-07	1.7764179925788519e-08	4.4950101041629751e-10	5.2655471073808501e-12	
13	 3	 10		 0.0203228322789073	 0.0015632947906852	 00		1.0000000000000000e+00	1.0000000000000000e+00	5.0000000000000000e-01	1.6666666666666666e-01	3.9621825857551453e-02	7.1241055519647373e-03	9.9676908217200618e-04	1.0922339976229321e-04	9.4058804466276078e-06	6.2445160676484503e-07	3.1106278118381679e-08	1.0902558997665873e-09	2.3806669548445823e-11	2.4254632677929201e-13	
14	 3	 11		 0.0234860461205244	 0.0016775747228946	 00		1.0000000000000000e+00	1.0000000000000000e+00	5.0000000000000000e-01	1.6666666666666666e-01	3.8362446732521448e-02	6.8964888374159934e-03	9.5976756745687472e-04	1.0783491208453980e-04	9.6551198420382620e-06	6.9375587413789490e-07	3.9018924479606277e-08	1.6736103354991395e-09	5.1412587360258360e-11	9.9997500505170437e-13	9.1927063144904441e-15	
15	 3	 12		 0.0248182541690767	 0.0016545502779384	 00		1.0000000000000000e+00	1.0000000000000000e+00	5.0000000000000000e-01	1.6666666666666666e-01	3.9704480785102698e-02	7.2606519447775747e-03	1.0509534398105785e-03	1.2233210688172841e-04	1.1581807469998773e-05	8.8842975289081118e-07	5.4938972107965722e-08	2.6789524649574968e-09	9.9852081078617975e-11	2.6691482496726299e-12	4.5305146262840535e-14	3.6497157863316497e-16	
16	 3	 13		 0.0301677314564586	 0.0018854832160287	 00		1.0000000000000000e+00	1.0000000000000000e+00	5.0000000000000000e-01	1.6666666666666666e-01	3.5867879289621589e-02	6.1661890594321101e-03	8.1732760329152152e-04	8.9654626236089046e-05	8.0010726505933085e-06	5.9505264266987958e-07	3.6307814889449356e-08	1.8170333521617161e-09	7.2692029953158758e-11	2.2579692728299239e-12	5.1210306794619633e-14	7.5023312041231314e-16	5.2906614013118893e-18	
17	 3	 14		 0.0312213692814112	 0.0018365511342007	 00		1.0000000000000000e+00	1.0000000000000000e+00	5.0000000000000000e-01	1.6666666666666666e-01	3.7132493685469663e-02	6.4500747788826260e-03	8.8221599553000511e-04	9.8881371192444516e-05	9.1527801633335006e-06	7.0607623487187227e-07	4.5401879943602263e-08	2.4190559121844863e-09	1.0563033051283076e-10	3.6941421459627397e-12	9.9980424198033035e-14	1.9633040557984675e-15	2.4753231702909250e-17	1.4951001206365480e-19	
18	 3	 15		 0.0292967236600816	 0.0016275957588934	 00		1.0000000000000000e+00	1.0000000000000000e+00	5.0000000000000000e-01	1.6666666666666666e-01	3.7959252422381448e-02	6.8078260962171682e-03	9.6567113364180225e-04	1.1310170099077853e-04	1.0970854380163033e-05	8.9277525751760530e-07	6.0814899550993301e-08	3.4615939485836644e-09	1.6293000234982728e-10	6.2423844597500256e-12	1.8972573112940250e-13	4.3906824313760812e-15	7.2468772191886729e-17	7.6063442073553505e-19	3.8586106541158857e-21	
19	 3	 16		 0.0264739501290023	 0.0013933657962633	 00		1.0000000000000000e+00	1.0000000000000000e+00	5.0000000000000000e-01	1.6666666666666666e-01	4.2076057626647935e-02	8.2933349540050601e-03	1.3304307702952428e-03	1.7560198501289647e-04	1.9283433330190180e-05	1.7645224403889733e-06	1.3364839123958422e-07	8.2680049207387678e-09	4.0263809236715857e-10	1.4305138648041309e-11	2.7475520345376203e-13	-4.5176041415995282e-15	-5.8394015442540067e-16	-2.2664627068946282e-17	-4.6177280353018881e-19	-4.1248424696285897e-21	
20	 3	 17		 0.0238037016242743	 0.0011901850812137	 00		1.0000000000000000e+00	1.0000000000000000e+00	5.0000000000000000e-01	1.6666666666666666e-01	4.3855501261551549e-02	9.1428285705123374e-03	1.6117178969137851e-03	2.3830719383656507e-04	3.0439298560979980e-05	3.3292166762017435e-06	3.1572377329735404e-07	2.5673038624786421e-08	1.7914505806214291e-09	1.0537892763426118e-10	5.1520084453666640e-12	2.0172671470045884e-13	5.9780383976074203e-15	1.1670772540314778e-16	8.0530027479015351e-19	-2.2372695972945758e-20	-4.8002218901193064e-22	
