#stability poly.
18

#stage	 order	 free params.	 h		 h/s		 iter		 poly. coeffs.

3	 2	 1		 0.0032187378383242	 0.0010729126127747	 00		1.0000000000000000e+00	1.0000000000000000e+00	5.0000000000000000e-01	8.3514685163766214e-02	
4	 2	 2		 0.0051702556083910	 0.0012925639020978	 00		1.0000000000000000e+00	1.0000000000000000e+00	5.0000000000000000e-01	1.1133536092496892e-01	9.3039780637773819e-03	
5	 2	 3		 0.0064883468439803	 0.0012976693687961	 00		1.0000000000000000e+00	1.0000000000000000e+00	5.0000000000000000e-01	1.3487720669991224e-01	1.7990409994306952e-02	9.5357293296973030e-04	
6	 2	 4		 0.0077797623816878	 0.0012966270636146	 00		1.0000000000000000e+00	1.0000000000000000e+00	5.0000000000000000e-01	1.5058561811263890e-01	2.5987146910987961e-02	2.3647079635126227e-03	8.9175930393447465e-05	
7	 2	 5		 0.0096214318182319	 0.0013744902597474	 00		1.0000000000000000e+00	1.0000000000000000e+00	5.0000000000000000e-01	1.4640945643975420e-01	2.7998571537821534e-02	3.2805533471278229e-03	2.1301163284823872e-04	5.9167071810051399e-06	
8	 2	 6		 0.0110691628651693	 0.0013836453581462	 00		1.0000000000000000e+00	1.0000000000000000e+00	5.0000000000000000e-01	1.5476561417143586e-01	3.1597718418693972e-02	4.3690158609348221e-03	3.8424660269017379e-04	1.9309586552168731e-05	4.2390588084495838e-07	
9	 2	 7		 0.0135381298605353	 0.0015042366511706	 00		1.0000000000000000e+00	1.0000000000000000e+00	5.0000000000000000e-01	1.4970541459382503e-01	3.1738886329071681e-02	4.6771738819625592e-03	4.8703498514274729e-04	3.3501958222911537e-05	1.3516719604693099e-06	2.4218618823737064e-08	
10	 2	 8		 0.0151009287219495	 0.0015100928721949	 00		1.0000000000000000e+00	1.0000000000000000e+00	5.0000000000000000e-01	1.5628323038897143e-01	3.3881447537585124e-02	5.3685642517606880e-03	6.1673663837926080e-04	5.0903000003789046e-05	2.8272234968684687e-06	9.3824759519721861e-08	1.4037230680770963e-09	
11	 2	 9		 0.0181293184868991	 0.0016481198624454	 00		1.0000000000000000e+00	1.0000000000000000e+00	5.0000000000000000e-01	1.4528700972465977e-01	3.1378193041077515e-02	4.9071918745287471e-03	5.8914950447009598e-04	5.2754149399204308e-05	3.4898862271005466e-06	1.5992089786372166e-07	4.4815732059219287e-09	5.7548687971280021e-11	
12	 2	 10		 0.0194181327242404	 0.0016181777270200	 00		1.0000000000000000e+00	1.0000000000000000e+00	5.0000000000000000e-01	1.5292384142632615e-01	3.3575942765266209e-02	5.5265765910178961e-03	6.9615821516521789e-04	6.7752560424741551e-05	5.0107904088280961e-06	2.7482642587874796e-07	1.0476478675658410e-08	2.4586234251585520e-10	2.6645662872164169e-12	
13	 2	 11		 0.0250680721364915	 0.0019283132412686	 00		1.0000000000000000e+00	1.0000000000000000e+00	5.0000000000000000e-01	1.2753651960021600e-01	2.5315510167814678e-02	3.6548629346594519e-03	4.2381998290530796e-04	3.8369291811945869e-05	2.7755596093718374e-06	1.5584581544583671e-07	6.6507075405648617e-09	2.0264419552342902e-10	3.8903890003637403e-12	3.5092795527759343e-14	
14	 2	 12		 0.0261145667172968	 0.0018653261940926	 00		1.0000000000000000e+00	1.0000000000000000e+00	5.0000000000000000e-01	1.3313381717611653e-01	2.6544293101425219e-02	3.9626905303958380e-03	4.6969684030711873e-04	4.4409900820592939e-05	3.3721462052894791e-06	2.0419035036202416e-07	9.6659909083600819e-09	3.4635126851458863e-10	8.7895362208932849e-12	1.3961954732619101e-13	1.0368009031813386e-15	
15	 2	 13		 0.0373331410810351	 0.0024888760720690	 00		1.0000000000000000e+00	1.0000000000000000e+00	5.0000000000000000e-01	1.0101001619349778e-01	1.6404737132148083e-02	1.9108489205925039e-03	1.8358106307949249e-04	1.4038592131931766e-05	8.9126324491835409e-07	4.6003257004831599e-08	1.9417532508294914e-09	6.5233274538798936e-11	1.6976408623845198e-12	3.2195762100742546e-14	3.9333983596981354e-16	2.3052800120608787e-18	
16	 2	 14		 0.0382234505377710	 0.0023889656586107	 00		1.0000000000000000e+00	1.0000000000000000e+00	5.0000000000000000e-01	1.0592436902765187e-01	1.7279095471494046e-02	2.0746145225429800e-03	2.0240394616285413e-04	1.5960684756972946e-05	1.0422809570987393e-06	5.6132523549467911e-08	2.4905089605058224e-09	8.9855177346709951e-11	2.5784995196858061e-12	5.6764888820464509e-14	8.9584459316728180e-16	8.9373724738251424e-18	4.1895573598957361e-20	
17	 2	 15		 0.0375342322513461	 0.0022078960147851	 00		1.0000000000000000e+00	1.0000000000000000e+00	5.0000000000000000e-01	1.0340792003062863e-01	1.7069028590675734e-02	2.0457786073988203e-03	2.0274302974703905e-04	1.6196461144758273e-05	1.0859442202728674e-06	6.0362123811169881e-08	2.8122577702682197e-09	1.0840907200009817e-10	3.4371966357058303e-12	8.7813438188250667e-14	1.7599855171066365e-15	2.6481488319542835e-17	2.7187753885031035e-19	1.4479798119142156e-21	
18	 2	 16		 0.0431354669854045	 0.0023964148325225	 00		1.0000000000000000e+00	1.0000000000000000e+00	5.0000000000000000e-01	7.7521306142960211e-02	1.1180541951301646e-02	9.9428493883263903e-04	7.6727872634965223e-05	3.8034468100902459e-06	1.2043923438687855e-07	-2.8174244928619720e-09	-6.0812463047650009e-10	-4.7940656236113693e-11	-2.5151890222480712e-12	-1.0107837513977169e-13	-3.1236753244531509e-15	-7.3699573656583471e-17	-1.2636851427846781e-18	-1.4000446164910118e-20	-7.4770059266826094e-23	
19	 2	 17		 0.0146484363358468	 0.0007709703334656	 00		1.0000000000000000e+00	1.0000000000000000e+00	5.0000000000000000e-01	2.0426029446483712e-01	5.8278029810648155e-02	1.4305671826914550e-02	2.6607446801983963e-03	4.2128081379064263e-04	4.9794328343137616e-05	4.6302328760218225e-06	2.3997081083158113e-07	-1.3025574636597816e-09	-1.9905941315264744e-09	-1.8504801186939740e-10	-6.2115739298207741e-12	4.5114629958454145e-13	6.1884639353930297e-14	2.1552911101750302e-15	-4.3648026898963895e-17	-3.5538774164709047e-18	
20	 2	 18		 0.0243759131990373	 0.0012187956599519	 00		1.0000000000000000e+00	1.0000000000000000e+00	5.0000000000000000e-01	1.5013812662210346e-01	3.6249463822788257e-02	6.6334409070100547e-03	1.0236923673468364e-03	1.2825556303562195e-04	1.3659725990951142e-05	1.2004948647356034e-06	8.8459908641175641e-08	5.2684985738099767e-09	2.4952124943576466e-10	8.6415591125506940e-12	1.8536670331536232e-13	6.4194435506843944e-16	-7.0350473693883468e-17	9.7818096471884925e-19	1.8568704582920268e-19	5.2766255423149614e-21	4.4081322698122060e-23	
