#stage		 order
5	 		2


A
0.0000000000000000E+00	0.0000000000000000E+00	0.0000000000000000E+00	0.0000000000000000E+00	0.0000000000000000E+00	
4.5158640252832094E-01	0.0000000000000000E+00	0.0000000000000000E+00	0.0000000000000000E+00	0.0000000000000000E+00	
2.6240520688720137E-01	7.5974836561844006E-01	0.0000000000000000E+00	0.0000000000000000E+00	0.0000000000000000E+00	
2.6896720211239794E-01	7.8344226469452916E-01	3.7561630338850771E-01	0.0000000000000000E+00	0.0000000000000000E+00	
1.3534164105205648E-01	3.7848798548835250E-01	1.7262701541446068E-01	2.9356700007428856E-02	0.0000000000000000E+00	

Ahat
0.0000000000000000E+00	0.0000000000000000E+00	0.0000000000000000E+00	0.0000000000000000E+00	0.0000000000000000E+00	
4.5158640252832094E-01	0.0000000000000000E+00	0.0000000000000000E+00	0.0000000000000000E+00	0.0000000000000000E+00	
2.6240520688720137E-01	7.5974836561844006E-01	0.0000000000000000E+00	0.0000000000000000E+00	0.0000000000000000E+00	
2.6896720211239794E-01	7.8344226469452916E-01	3.7561630338850771E-01	0.0000000000000000E+00	0.0000000000000000E+00	
1.3534164105205648E-01	3.7848798548835250E-01	1.7262701541446068E-01	2.9356700007428856E-02	0.0000000000000000E+00	

b
1.8593623511476431E-01	
4.3349144644539983E-01	
1.4711711705922648E-01	
-1.8597650054337500E-02	
2.5205285143494666E-01	

bhat


c
0.0000000000000000E+00	
4.5158640252832094E-01	
1.0221535725056414E+00	
1.4280257701954349E+00	
7.1581334196229851E-01	

chat
0.0000000000000000E+00	
4.5158640252832094E-01	
1.0221535725056414E+00	
1.4280257701954349E+00	
7.1581334196229851E-01	

alpha
0.0000000000000000E+00	0.0000000000000000E+00	0.0000000000000000E+00	0.0000000000000000E+00	0.0000000000000000E+00	
0.0000000000000000E+00	0.0000000000000000E+00	0.0000000000000000E+00	0.0000000000000000E+00	0.0000000000000000E+00	
-0.0000000000000000E+00	1.0000000000000000E+00	0.0000000000000000E+00	0.0000000000000000E+00	0.0000000000000000E+00	
0.0000000000000000E+00	3.4686297456565436E-02	9.6531370254343452E-01	0.0000000000000000E+00	0.0000000000000000E+00	
4.1301005663300466E-01	0.0000000000000000E+00	3.4348396958493570E+00	-2.8478497524823618E+00	0.0000000000000000E+00	
-3.1049524814678513E+00	0.0000000000000000E+00	0.0000000000000000E+00	-2.7661980779327826E+00	6.8711505594006344E+00	

beta
0.0000000000000000E+00	0.0000000000000000E+00	0.0000000000000000E+00	0.0000000000000000E+00	0.0000000000000000E+00	
4.5158640252832094E-01	0.0000000000000000E+00	0.0000000000000000E+00	0.0000000000000000E+00	0.0000000000000000E+00	
-1.8918119564111960E-01	7.5974836561844006E-01	0.0000000000000000E+00	0.0000000000000000E+00	0.0000000000000000E+00	
0.0000000000000000E+00	5.0046756878069802E-02	3.7561630338850771E-01	0.0000000000000000E+00	0.0000000000000000E+00	
0.0000000000000000E+00	0.0000000000000000E+00	1.2423258120477620E+00	2.9356700007428856E-02	0.0000000000000000E+00	
0.0000000000000000E+00	0.0000000000000000E+00	0.0000000000000000E+00	-2.2031195573253889E-01	2.5205285143494666E-01	

gamma1
0.0000000000000000E+00	0.0000000000000000E+00	5.2656474556752575E-01	1.0385212774098265E+00	3.6859755007388034E-01	-6.3350615190506088E-01	

gamma2
0.0000000000000000E+00	1.0000000000000000E+00	4.1892580153419307E-01	-2.7595818152587825E-02	9.1271323651988631E-02	6.8495995159465062E-01	

gamma3
0.0000000000000000E+00	0.0000000000000000E+00	0.0000000000000000E+00	0.0000000000000000E+00	4.1301005663300466E-01	-5.4537881202277507E-03	

delta
1.0000000000000000E+00	1.3011720142005145E-01	2.6579275844515687E-01	9.9687218193685878E-01	0.0000000000000000E+00	

r
0.0000000000000000E+00	

errcoeff
3.1789459966753836E-02	

==============================================================

