#stability poly.
19

#stage	 order	 free params.	 h		 h/s		 iter		 poly. coeffs.

2	 1	 1		 0.0023027154384181	 0.0011513577192090	 00		1.0000000000000000e+00	1.0000000000000000e+00	3.7480324784193131e-01	
3	 1	 2		 0.0037031798274256	 0.0012343932758085	 00		1.0000000000000000e+00	1.0000000000000000e+00	4.3243064736517756e-01	6.5633393057665662e-02	
4	 1	 3		 0.0051880526007153	 0.0012970131501788	 00		1.0000000000000000e+00	1.0000000000000000e+00	4.8124806002940906e-01	1.0598181366647272e-01	8.9162957526375888e-03	
5	 1	 4		 0.0066374870948493	 0.0013274974189699	 00		1.0000000000000000e+00	1.0000000000000000e+00	4.5825579291050705e-01	1.1722567601839963e-01	1.4991919055873318e-02	7.6332460528429134e-04	
6	 1	 5		 0.0086113763973117	 0.0014352293995519	 00		1.0000000000000000e+00	1.0000000000000000e+00	4.4140315441503819e-01	1.1926249093178372e-01	1.8603533637582333e-02	1.5426040249760383e-03	5.3377307569676400e-05	
7	 1	 6		 0.0100108032347634	 0.0014301147478233	 00		1.0000000000000000e+00	1.0000000000000000e+00	4.5398141598770309e-01	1.2585681470443488e-01	2.2248961692116150e-02	2.3888988580214165e-03	1.4226766734709096e-04	3.6358823182347507e-06	
8	 1	 7		 0.0139313109684736	 0.0017414138710592	 00		1.0000000000000000e+00	1.0000000000000000e+00	3.4597576240988143e-01	8.8023099633891336e-02	1.4513809158428863e-02	1.6819861598425074e-03	1.2718816587847600e-04	5.5417917911480736e-06	1.0557821001367033e-07	
9	 1	 8		 0.0150545989163220	 0.0016727332129247	 00		1.0000000000000000e+00	1.0000000000000000e+00	3.7181812677177400e-01	9.4417042115058747e-02	1.6535870675548597e-02	2.0509023563253783e-03	1.7843805937053090e-04	1.0173151118295839e-05	3.3864309756749961e-07	4.9878176704253313e-09	
10	 1	 9		 0.0254958379082382	 0.0025495837908238	 00		1.0000000000000000e+00	1.0000000000000000e+00	2.3391156167134555e-01	4.3724987121604782e-02	5.3971428213168563e-03	5.1421911900259684e-04	3.5767651818242019e-05	1.8325496110194082e-06	6.4796869180450545e-08	1.3899024437262024e-09	1.3535732924454386e-11	
11	 1	 10		 0.0267408881336451	 0.0024309898303314	 00		1.0000000000000000e+00	1.0000000000000000e+00	2.4696119004820097e-01	4.5612353723331334e-02	5.8071568111567754e-03	5.6320698312403196e-04	4.1139047265274499e-05	2.2550441029178378e-06	9.0046962698948103e-08	2.4376729616484947e-09	3.9482145224051775e-11	2.8600972974009166e-13	
12	 1	 11		 0.0572974514216185	 0.0047747876184682	 00		1.0000000000000000e+00	1.0000000000000000e+00	1.2222313127997485e-01	1.2636477752320014e-02	8.5806417384786272e-04	4.7207663754105672e-05	1.9802030256015238e-06	6.6364173689801983e-08	1.7144647572472370e-09	3.3616332372568680e-11	4.7014374867434149e-13	4.1298149594192783e-15	1.6967150918658673e-17	
13	 1	 12		 0.0588944461196661	 0.0045303420092051	 00		1.0000000000000000e+00	1.0000000000000000e+00	1.2797758419414260e-01	1.3088693326221895e-02	9.0815734393463439e-04	5.0244041334795506e-05	2.1580512877066552e-06	7.4101514573127130e-08	2.0005960654954097e-09	4.1808854270568923e-11	6.5132629461825681e-13	7.0161900251792924e-15	4.5734204830294307e-17	1.3269195266907873e-19	
14	 1	 13		 0.0781249953433871	 0.0055803568102419	 00		1.0000000000000000e+00	1.0000000000000000e+00	1.0247821530061817e-01	8.8657297304459738e-03	5.1205450215236251e-04	2.4492171513206034e-05	9.1728880448608418e-07	2.8509740033697050e-08	7.1673098786028376e-10	1.4727017294193610e-11	2.4048532085552326e-13	3.0412826344794239e-15	2.8036043481407523e-17	1.6648196000045828e-19	4.7398863643267792e-22	
15	 1	 14		 0.0781249953433871	 0.0052083330228925	 00		1.0000000000000000e+00	1.0000000000000000e+00	5.9219381592593948e-02	4.1925294325617837e-03	8.7556997370556857e-05	-8.0225951754816662e-07	-3.2640569497486713e-07	-1.9136796941608708e-08	-7.9376480678601473e-10	-2.3882398147616643e-11	-5.6397959800110034e-13	-1.0241896592027552e-14	-1.4138608997336646e-16	-1.4041671940176390e-18	-8.8775992975507768e-21	-2.6625673076653656e-23	
16	 1	 15		 0.0781243992969394	 0.0048827749560587	 00		1.0000000000000000e+00	1.0000000000000000e+00	1.0112207351044887e-01	8.7618761311518672e-03	5.0352378635281985e-04	2.4125576202393565e-05	9.0375217429728948e-07	2.8249113406223691e-08	7.1611359540629355e-10	1.4972580733531803e-11	2.5184924887841650e-13	3.3718320239794915e-15	3.4804569347401698e-17	2.6793053826849312e-19	1.5455833777497248e-21	7.1066587069278361e-24	2.2137038538209275e-26	
17	 1	 16		 0.0781249860301614	 0.0045955874135389	 00		1.0000000000000000e+00	1.0000000000000000e+00	1.0300767475795546e-01	9.8005793595806363e-03	5.9701568639362781e-04	3.1575855130586609e-05	1.2852502323958872e-06	4.4714923343193298e-08	1.2471093860391129e-09	2.8924316261068505e-11	5.2146713047905147e-13	7.0203059678746878e-15	5.2854602915589812e-17	-2.2552387617100399e-19	-1.3672481663727412e-20	-2.0985170137777223e-22	-1.6839736069407335e-24	-5.9324433673729986e-27	
18	 1	 17		 0.0781249953433871	 0.0043402775190771	 00		1.0000000000000000e+00	1.0000000000000000e+00	1.6699030152504044e-01	2.2911498647864723e-02	2.0073268230719247e-03	1.4711630488759274e-04	8.4091298748612964e-06	4.0869732434068246e-07	1.6464277069529315e-08	5.6803420463367580e-10	1.6540635541126470e-11	4.1057787052584013e-13	8.5549640326996853e-15	1.4868409204121199e-16	2.1010540861970832e-18	2.3389012874596702e-20	1.9308086145519602e-22	1.0476368641914421e-24	2.7845614725978783e-27	
19	 1	 18		 0.0781226111575961	 0.0041117163767156	 00		1.0000000000000000e+00	1.0000000000000000e+00	9.9395902617021262e-02	9.4812348774700999e-03	5.6658264587559632e-04	2.9974575200574892e-05	1.2076933893879470e-06	4.2180419106275942e-08	1.1775438362320984e-09	2.7828180302886843e-11	5.1787687144785777e-13	7.6166693166752653e-15	7.5420241660590620e-17	2.9673041021898629e-19	-5.8822269031728328e-21	-1.4079730553999273e-22	-1.6316885692286714e-24	-1.3746616788698594e-26	-9.8980393716950858e-29	-4.3835877902887662e-31	
20	 1	 19		 0.0341796851716936	 0.0017089842585847	 00		1.0000000000000000e+00	1.0000000000000000e+00	1.8027276211230228e-01	3.6660609507703980e-02	4.0422864586166516e-03	4.4653298690560300e-04	3.2155078821412369e-05	2.1985796957591229e-06	9.6601321460231347e-08	3.8111080715788235e-09	6.1951221925813012e-11	5.3825845651782586e-13	-2.9238255302637420e-14	3.0464261194434819e-15	2.3531189032657473e-16	7.6181324599890410e-18	5.4692127328066004e-21	-9.1373208135953621e-21	-2.9808653036996455e-22	-2.6155434677371286e-24	1.8778245950864920e-26	
