  0.00000000  -0.00000000
  0.03167396  -0.00626815
  0.06334791  -0.02504745
  0.09502187  -0.05626258
  0.12669582  -0.09978830
  0.15836978  -0.15545001
  0.19004373  -0.22302441
  0.22171769  -0.30224042
  0.25339164  -0.39278027
  0.28506560  -0.49428072
  0.31673956  -0.60633462
  0.34841351  -0.72849243
  0.38008747  -0.86026411
  0.41176142  -1.00112104
  0.44343538  -1.15049816
  0.47510933  -1.30779622
  0.50678329  -1.47238421
  0.53845724  -1.64360185
  0.57013120  -1.82076230
  0.60180516  -2.00315484
  0.63347911  -2.19004780
  0.66515307  -2.38069143
  0.69682702  -2.57432094
  0.72850098  -2.77015956
  0.76017493  -2.96742166
  0.79184889  -3.16531591
  0.82352284  -3.36304843
  0.85519680  -3.55982599
  0.88687076  -3.75485919
  0.91854471  -3.94736564
  0.95021867  -4.13657307
  0.98189262  -4.32172246
  1.01356658  -4.50207107
  1.04524053  -4.67689539
  1.07691449  -4.84549410
  1.10858844  -5.00719085
  1.14026240  -5.16133697
  1.17193635  -5.30731409
  1.20361031  -5.44453661
  1.23528427  -5.57245403
  1.26695822  -5.69055321
  1.29863218  -5.79836037
  1.33030613  -5.89544304
  1.36198009  -5.98141176
  1.39365404  -6.05592165
  1.42532800  -6.11867380
  1.45700195  -6.16941649
  1.48867591  -6.20794614
  1.52034987  -6.23410820
  1.55202382  -6.24779772
  1.58369778  -6.24895976
  1.61537173  -6.23758968
  1.64704569  -6.21373308
  1.67871964  -6.17748568
  1.71039360  -6.12899287
  1.74206755  -6.06844920
  1.77374151  -5.99609754
  1.80541547  -5.91222813
  1.83708942  -5.81717744
  1.86876338  -5.71132677
  1.90043733  -5.59510075
  1.93211129  -5.46896563
  1.96378524  -5.33342742
  1.99545920  -5.18902985
  2.02713315  -5.03635218
  2.05880711  -4.87600690
  2.09048107  -4.70863726
  2.12215502  -4.53491467
  2.15382898  -4.35553604
  2.18550293  -4.17122098
  2.21717689  -3.98270887
  2.24885084  -3.79075597
  2.28052480  -3.59613232
  2.31219875  -3.39961866
  2.34387271  -3.20200333
  2.37554667  -3.00407910
  2.40722062  -2.80663996
  2.43889458  -2.61047795
  2.47056853  -2.41638001
  2.50224249  -2.22512478
  2.53391644  -2.03747951
  2.56559040  -1.85419695
  2.59726435  -1.67601236
  2.62893831  -1.50364056
  2.66061227  -1.33777302
  2.69228622  -1.17907516
  2.72396018  -1.02818360
  2.75563413  -0.88570366
  2.78730809  -0.75220692
  2.81898204  -0.62822891
  2.85065600  -0.51426699
  2.88232995  -0.41077833
  2.91400391  -0.31817808
  2.94567786  -0.23683772
  2.97735182  -0.16708357
  3.00902578  -0.10919544
  3.04069973  -0.06340555
  3.07237369  -0.02989761
  3.10404764  -0.00880604
  3.13572160  -0.00021543
  3.16739555  -0.00416026
  3.19906951  -0.02062470
  3.23074346  -0.04954271
  3.26241742  -0.09079827
  3.29409138  -0.14422588
  3.32576533  -0.20961121
  3.35743929  -0.28669196
  3.38911324  -0.37515891
  3.42078720  -0.47465717
  3.45246115  -0.58478759
  3.48413511  -0.70510836
  3.51580906  -0.83513682
  3.54748302  -0.97435132
  3.57915698  -1.12219340
  3.61083093  -1.27806997
  3.64250489  -1.44135571
  3.67417884  -1.61139559
  3.70585280  -1.78750747
  3.73752675  -1.96898486
  3.76920071  -2.15509973
  3.80087466  -2.34510547
  3.83254862  -2.53823985
  3.86422258  -2.73372809
  3.89589653  -2.93078595
  3.92757049  -3.12862293
  3.95924444  -3.32644538
  3.99091840  -3.52345971
  4.02259235  -3.71887556
  4.05426631  -3.91190902
  4.08594026  -4.10178570
  4.11761422  -4.28774389
  4.14928818  -4.46903760
  4.18096213  -4.64493955
  4.21263609  -4.81474408
  4.24431004  -4.97777001
  4.27598400  -5.13336333
  4.30765795  -5.28089987
  4.33933191  -5.41978778
  4.37100586  -5.54946987
  4.40267982  -5.66942592
  4.43435378  -5.77917471
  4.46602773  -5.87827597
  4.49770169  -5.96633215
  4.52937564  -6.04298999
  4.56104960  -6.10794198
  4.59272355  -6.16092755
  4.62439751  -6.20173414
  4.65607146  -6.23019806
  4.68774542  -6.24620511
  4.71941937  -6.24969109
  4.75109333  -6.24064201
  4.78276729  -6.21909417
  4.81444124  -6.18513401
  4.84611520  -6.13889776
  4.87778915  -6.08057092
  4.90946311  -6.01038746
  4.94113706  -5.92862894
  4.97281102  -5.83562333
  5.00448497  -5.73174374
  5.03615893  -5.61740690
  5.06783289  -5.49307148
  5.09950684  -5.35923626
  5.13118080  -5.21643815
  5.16285475  -5.06524998
  5.19452871  -4.90627829
  5.22620266  -4.74016078
  5.25787662  -4.56756387
  5.28955057  -4.38917995
  5.32122453  -4.20572463
  5.35289849  -4.01793385
  5.38457244  -3.82656097
  5.41624640  -3.63237369
  5.44792035  -3.43615102
  5.47959431  -3.23868014
  5.51126826  -3.04075321
  5.54294222  -2.84316425
  5.57461617  -2.64670591
  5.60629013  -2.45216630
  5.63796409  -2.26032583
  5.66963804  -2.07195411
  5.70131200  -1.88780681
  5.73298595  -1.70862265
  5.76465991  -1.53512045
  5.79633386  -1.36799624
  5.82800782  -1.20792045
  5.85968177  -1.05553525
  5.89135573  -0.91145195
  5.92302969  -0.77624855
  5.95470364  -0.65046744
  5.98637760  -0.53461321
  6.01805155  -0.42915061
  6.04972551  -0.33450273
  6.08139946  -0.25104925
  6.11307342  -0.17912495
  6.14474737  -0.11901838
  6.17642133  -0.07097065
  6.20809529  -0.03517451
  6.23976924  -0.01177357
  6.27144320  -0.00086169
  6.30311715  -0.00248266
  6.33479111  -0.01662997
  6.36646506  -0.04324687
  6.39813902  -0.08222657
  6.42981297  -0.13341272
  6.46148693  -0.19659996
  6.49316089  -0.27153483
  6.52483484  -0.35791669
  6.55650880  -0.45539904
  6.58818275  -0.56359079
  6.61985671  -0.68205794
  6.65153066  -0.81032524
  6.68320462  -0.94787812
  6.71487857  -1.09416477
  6.74655253  -1.24859836
  6.77822648  -1.41055935
  6.80990044  -1.57939802
  6.84157440  -1.75443705
  6.87324835  -1.93497425
  6.90492231  -2.12028538
  6.93659626  -2.30962704
  6.96827022  -2.50223966
  6.99994417  -2.69735056
  7.03161813  -2.89417702
  7.06329208  -3.09192946
  7.09496604  -3.28981456
  7.12664000  -3.48703849
  7.15831395  -3.68281006
  7.18998791  -3.87634391
  7.22166186  -4.06686365
  7.25333582  -4.25360500
  7.28500977  -4.43581882
  7.31668373  -4.61277414
  7.34835768  -4.78376108
  7.38003164  -4.94809371
  7.41170560  -5.10511279
  7.44337955  -5.25418841
  7.47505351  -5.39472255
  7.50672746  -5.52615143
  7.53840142  -5.64794782
  7.57007537  -5.75962310
  7.60174933  -5.86072930
  7.63342328  -5.95086079
  7.66509724  -6.02965602
  7.69677120  -6.09679888
  7.72844515  -6.15202002
  7.76011911  -6.19509793
  7.79179306  -6.22585978
  7.82346702  -6.24418217
  7.85514097  -6.24999160
  7.88681493  -6.24326476
  7.91848888  -6.22402865
  7.95016284  -6.19236042
  7.98183680  -6.14838711
  8.01351075  -6.09228514
  8.04518471  -6.02427956
  8.07685866  -5.94464319
  8.10853262  -5.85369548
  8.14020657  -5.75180130
  8.17188053  -5.63936941
  8.20355448  -5.51685082
  8.23522844  -5.38473705
  8.26690240  -5.24355808
  8.29857635  -5.09388028
  8.33025031  -4.93630407
  8.36192426  -4.77146162
  8.39359822  -4.60001419
  8.42527217  -4.42264957
  8.45694613  -4.24007928
  8.48862008  -4.05303572
  8.52029404  -3.86226923
  8.55196799  -3.66854511
  8.58364195  -3.47264049
  8.61531591  -3.27534127
  8.64698986  -3.07743894
  8.67866382  -2.87972740
  8.71033777  -2.68299981
  8.74201173  -2.48804535
  8.77368568  -2.29564610
  8.80535964  -2.10657391
  8.83703359  -1.92158725
  8.86870755  -1.74142822
  8.90038151  -1.56681955
  8.93205546  -1.39846170
  8.96372942  -1.23703006
  8.99540337  -1.08317224
  9.02707733  -0.93750544
  9.05875128  -0.80061402
  9.09042524  -0.67304716
  9.12209919  -0.55531658
  9.15377315  -0.44789459
  9.18544711  -0.35121212
  9.21712106  -0.26565702
  9.24879502  -0.19157250
  9.28046897  -0.12925577
  9.31214293  -0.07895682
  9.34381688  -0.04087742
  9.37549084  -0.01517034
  9.40716479  -0.00193870
  9.43883875  -0.00123558
  9.47051271  -0.01306381
  9.50218666  -0.03737592
  9.53386062  -0.07407441
  9.56553457  -0.12301203
  9.59720853  -0.18399248
  9.62888248  -0.25677112
  9.66055644  -0.34105599
  9.69223039  -0.43650897
  9.72390435  -0.54274716
  9.75557831  -0.65934434
  9.78725226  -0.78583279
  9.81892622  -0.92170509
  9.85060017  -1.06641615
  9.88227413  -1.21938546
  9.91394808  -1.37999937
  9.94562204  -1.54761355
  9.97729599  -1.72155560
 10.00896995  -1.90112773
 10.04064391  -2.08560956
 10.07231786  -2.27426103
 10.10399182  -2.46632534
 10.13566577  -2.66103199
 10.16733973  -2.85759991
 10.19901368  -3.05524054
 10.23068764  -3.25316101
 10.26236159  -3.45056735
 10.29403555  -3.64666764
 10.32570950  -3.84067520
 10.35738346  -4.03181174
 10.38905742  -4.21931051
 10.42073137  -4.40241932
 10.45240533  -4.58040361
 10.48407928  -4.75254939
 10.51575324  -4.91816606
 10.54742719  -5.07658924
 10.57910115  -5.22718339
 10.61077510  -5.36934439
 10.64244906  -5.50250194
 10.67412302  -5.62612186
 10.70579697  -5.73970825
 10.73747093  -5.84280543
 10.76914488  -5.93499981
 10.80081884  -6.01592156
 10.83249279  -6.08524604
 10.86416675  -6.14269515
 10.89584070  -6.18803843
 10.92751466  -6.22109397
 10.95918862  -6.24172917
 10.99086257  -6.24986125
 11.02253653  -6.24545759
 11.05421048  -6.22853585
 11.08588444  -6.19916391
 11.11755839  -6.15745961
 11.14923235  -6.10359025
 11.18090630  -6.03777192
 11.21258026  -5.96026868
 11.24425422  -5.87139142
 11.27592817  -5.77149670
 11.30760213  -5.66098524
 11.33927608  -5.54030039
 11.37095004  -5.40992628
 11.40262399  -5.27038593
 11.43429795  -5.12223911
 11.46597190  -4.96608013
 11.49764586  -4.80253545
 11.52931982  -4.63226113
 11.56099377  -4.45594027
 11.59266773  -4.27428018
 11.62434168  -4.08800963
 11.65601564  -3.89787584
 11.68768959  -3.70464158
 11.71936355  -3.50908202
 11.75103750  -3.31198167
 11.78271146  -3.11413122
 11.81438542  -2.91632437
 11.84605937  -2.71935465
 11.87773333  -2.52401222
 11.90940728  -2.33108072
 11.94108124  -2.14133412
 11.97275519  -1.95553361
 12.00442915  -1.77442456
 12.03610310  -1.59873349
 12.06777706  -1.42916522
 12.09945102  -1.26639998
 12.13112497  -1.11109074
 12.16279893  -0.96386052
 12.19447288  -0.82529997
 12.22614684  -0.69596493
 12.25782079  -0.57637425
 12.28949475  -0.46700767
 12.32116870  -0.36830394
 12.35284266  -0.28065902
 12.38451661  -0.20442450
 12.41619057  -0.13990621
 12.44786453  -0.08736296
 12.47953848  -0.04700555
 12.51121244  -0.01899588
 12.54288639  -0.00344630
 12.57456035  -0.00041919
 12.60623430  -0.00992670
 12.63790826  -0.03193069
 12.66958221  -0.06634289
 12.70125617  -0.11302524
 12.73293013  -0.17179048
 12.76460408  -0.24240286
 12.79627804  -0.32457912
 12.82795199  -0.41798959
 12.85962595  -0.52225955
 12.89129990  -0.63697070
 12.92297386  -0.76166287
 12.95464781  -0.89583584
 12.98632177  -1.03895136
 13.01799573  -1.19043530
 13.04966968  -1.34967998
 13.08134364  -1.51604656
 13.11301759  -1.68886765
 13.14469155  -1.86744994
 13.17636550  -2.05107704
 13.20803946  -2.23901231
 13.23971341  -2.43050183
 13.27138737  -2.62477740
 13.30306133  -2.82105967
 13.33473528  -3.01856124
 13.36640924  -3.21648979
 13.39808319  -3.41405133
 13.42975715  -3.61045330
 13.46143110  -3.80490782
 13.49310506  -3.99663481
 13.52477901  -4.18486513
 13.55645297  -4.36884369
 13.58812693  -4.54783242
 13.61980088  -4.72111329
 13.65147484  -4.88799117
 13.68314879  -5.04779661
 13.71482275  -5.19988852
 13.74649670  -5.34365678
 13.77817066  -5.47852464
 13.80984461  -5.60395106
 13.84151857  -5.71943289
 13.87319253  -5.82450684
 13.90486648  -5.91875141
 13.93654044  -6.00178852
 13.96821439  -6.07328506
 13.99988835  -6.13295421
 14.03156230  -6.18055661
 14.06323626  -6.21590128
 14.09491021  -6.23884645
 14.12658417  -6.24930006
 14.15825812  -6.24722017
 14.18993208  -6.23261514
 14.22160604  -6.20554355
 14.25327999  -6.16611401
 14.28495395  -6.11448468
 14.31662790  -6.05086268
 14.34830186  -5.97550325
 14.37997581  -5.88870870
 14.41164977  -5.79082720
 14.44332372  -5.68225143
 14.47499768  -5.56341695
 14.50667164  -5.43480048
 14.53834559  -5.29691797
 14.57001955  -5.15032257
 14.60169350  -4.99560234
 14.63336746  -4.83337798
 14.66504141  -4.66430026
 14.69671537  -4.48904747
 14.72838932  -4.30832263
 14.76006328  -4.12285076
 14.79173724  -3.93337590
 14.82341119  -3.74065814
 14.85508515  -3.54547060
 14.88675910  -3.34859629
 14.91843306  -3.15082500
 14.95010701  -2.95295011
 14.98178097  -2.75576541
 15.01345492  -2.56006195
 15.04512888  -2.36662480
 15.07680284  -2.17622996
 15.10847679  -1.98964122
 15.14015075  -1.80760710
 15.17182470  -1.63085786
 15.20349866  -1.46010254
 15.23517261  -1.29602615
 15.26684657  -1.13928691
 15.29852052  -0.99051358
 15.33019448  -0.85030299
 15.36186844  -0.71921761
 15.39354239  -0.59778331
 15.42521635  -0.48648723
 15.45689030  -0.38577585
 15.48856426  -0.29605319
 15.52023821  -0.21767917
 15.55191217  -0.15096821
 15.58358612  -0.09618793
 15.61526008  -0.05355807
 15.64693404  -0.02324966
 15.67860799  -0.00538428
 15.71028195  -0.00003360
 15.74195590  -0.00721909
 15.77362986  -0.02691192
 15.80530381  -0.05903308
 15.83697777  -0.10345373
 15.86865172  -0.15999566
 15.90032568  -0.22843205
 15.93199963  -0.30848836
 15.96367359  -0.39984344
 15.99534755  -0.50213079
 16.02702150  -0.61494009
 16.05869546  -0.73781878
 16.09036941  -0.87027393
 16.12204337  -1.01177418
 16.15371732  -1.16175187
 16.18539128  -1.31960537
 16.21706523  -1.48470141
 16.24873919  -1.65637770
 16.28041315  -1.83394554
 16.31208710  -2.01669260
 16.34376106  -2.20388575
 16.37543501  -2.39477407
 16.40710897  -2.58859177
 16.43878292  -2.78456134
 16.47045688  -2.98189661
 16.50213083  -3.17980596
 16.53380479  -3.37749545
 16.56547875  -3.57417203
 16.59715270  -3.76904669
 16.62882666  -3.96133770
 16.66050061  -4.15027363
 16.69217457  -4.33509656
 16.72384852  -4.51506505
 16.75552248  -4.68945713
 16.78719643  -4.85757321
 16.81887039  -5.01873887
 16.85054435  -5.17230758
 16.88221830  -5.31766328
 16.91389226  -5.45422285
 16.94556621  -5.58143848
 16.97724017  -5.69879981
 17.00891412  -5.80583606
 17.04058808  -5.90211781
 17.07226203  -5.98725884
 17.10393599  -6.06091758
 17.13560995  -6.12279855
 17.16728390  -6.17265350
 17.19895786  -6.21028243
 17.23063181  -6.23553440
 17.26230577  -6.24830810
 17.29397972  -6.24855228
 17.32565368  -6.23626598
 17.35732763  -6.21149847
 17.38900159  -6.17434911
 17.42067555  -6.12496693
 17.45234950  -6.06355004
 17.48402346  -5.99034481
 17.51569741  -5.90564492
 17.54737137  -5.80979015
 17.57904532  -5.70316504
 17.61071928  -5.58619731
 17.64239323  -5.45935621
 17.67406719  -5.32315056
 17.70574115  -5.17812678
 17.73741510  -5.02486665
 17.76908906  -4.86398498
 17.80076301  -4.69612716
 17.83243697  -4.52196659
 17.86411092  -4.34220193
 17.89578488  -4.15755432
 17.92745883  -3.96876449
 17.95913279  -3.77658981
 17.99080674  -3.58180120
 18.02248070  -3.38518008
 18.05415466  -3.18751522
 18.08582861  -2.98959957
 18.11750257  -2.79222709
 18.14917652  -2.59618957
 18.18085048  -2.40227344
 18.21252443  -2.21125660
 18.24419839  -2.02390536
 18.27587234  -1.84097128
 18.30754630  -1.66318824
 18.33922026  -1.49126942
 18.37089421  -1.32590450
 18.40256817  -1.16775686
 18.43424212  -1.01746093
 18.46591608  -0.87561964
 18.49759003  -0.74280199
 18.52926399  -0.61954081
 18.56093794  -0.50633057
 18.59261190  -0.40362543
 18.62428586  -0.31183740
 18.65595981  -0.23133469
 18.68763377  -0.16244026
 18.71930772  -0.10543049
 18.75098168  -0.06053406
 18.78265563  -0.02793110
 18.81432959  -0.00775238
 18.84600354  -0.00007887
 18.87767750  -0.00494134
 18.90935146  -0.02232029
 18.94102541  -0.05214600
 18.97269937  -0.09429882
 19.00437332  -0.14860965
 19.03604728  -0.21486061
 19.06772123  -0.29278593
 19.09939519  -0.38207301
 19.13106914  -0.48236366
 19.16274310  -0.59325556
 19.19441706  -0.71430384
 19.22609101  -0.84502290
 19.25776497  -0.98488836
 19.28943892  -1.13333913
 19.32111288  -1.28977967
 19.35278683  -1.45358242
 19.38446079  -1.62409024
 19.41613474  -1.80061915
 19.44780870  -1.98246096
 19.47948266  -2.16888619
 19.51115661  -2.35914699
 19.54283057  -2.55248010
 19.57450452  -2.74810994
 19.60617848  -2.94525172
 19.63785243  -3.14311457
 19.66952639  -3.34090476
 19.70120034  -3.53782882
 19.73287430  -3.73309677
 19.76454825  -3.92592527
 19.79622221  -4.11554077
 19.82789617  -4.30118259
 19.85957012  -4.48210603
 19.89124408  -4.65758527
 19.92291803  -4.82691637
 19.95459199  -4.98942004
 19.98626594  -5.14444437
 20.01793990  -5.29136746
 20.04961385  -5.42959992
 20.08128781  -5.55858721
 20.11296177  -5.67781188
 20.14463572  -5.78679565
 20.17630968  -5.88510132
 20.20798363  -5.97233452
 20.23965759  -6.04814531
 20.27133154  -6.11222956
 20.30300550  -6.16433019
 20.33467945  -6.20423820
 20.36635341  -6.23179349
 20.39802737  -6.24688552
 20.42970132  -6.24945373
 20.46137528  -6.23948784
 20.49304923  -6.21702782
 20.52472319  -6.18216378
 20.55639714  -6.13503556
 20.58807110  -6.07583224
 20.61974505  -6.00479131
 20.65141901  -5.92219777
 20.68309297  -5.82838294
 20.71476692  -5.72372318
 20.74644088  -5.60863833
 20.77811483  -5.48359009
 20.80978879  -5.34908008
 20.84146274  -5.20564793
 20.87313670  -5.05386901
 20.90481065  -4.89435221
 20.93648461  -4.72773744
 20.96815857  -4.55469311
 20.99983252  -4.37591340
 21.03150648  -4.19211551
 21.06318043  -4.00403676
 21.09485439  -3.81243165
 21.12652834  -3.61806883
 21.15820230  -3.42172800
 21.18987625  -3.22419682
 21.22155021  -3.02626770
 21.25322417  -2.82873465
 21.28489812  -2.63239011
 21.31657208  -2.43802172
 21.34824603  -2.24640924
 21.37991999  -2.05832132
 21.41159394  -1.87451250
 21.44326790  -1.69572016
 21.47494185  -1.52266154
 21.50661581  -1.35603089
 21.53828976  -1.19649667
 21.56996372  -1.04469886
 21.60163768  -0.90124642
 21.63331163  -0.76671482
 21.66498559  -0.64164376
 21.69665954  -0.52653497
 21.72833350  -0.42185022
 21.76000745  -0.32800948
 21.79168141  -0.24538918
 21.82335536  -0.17432078
 21.85502932  -0.11508937
 21.88670328  -0.06793257
 21.91837723  -0.03303954
 21.95005119  -0.01055028
 21.98172514  -0.00055499
 22.01339910  -0.00309378
 22.04507305  -0.01815645
 22.07674701  -0.04568259
 22.10842096  -0.08556176
 22.14009492  -0.13763400
 22.17176888  -0.20169040
 22.20344283  -0.27747400
 22.23511679  -0.36468078
 22.26679074  -0.46296089
 22.29846470  -0.57192009
 22.33013865  -0.69112127
 22.36181261  -0.82008623
 22.39348656  -0.95829762
 22.42516052  -1.10520098
 22.45683448  -1.26020701
 22.48850843  -1.42269387
 22.52018239  -1.59200973
 22.55185634  -1.76747535
 22.58353030  -1.94838685
 22.61520425  -2.13401846
 22.64687821  -2.32362551
 22.67855216  -2.51644737
 22.71022612  -2.71171051
 22.74190008  -2.90863160
 22.77357403  -3.10642069
 22.80524799  -3.30428430
 22.83692194  -3.50142870
 22.86859590  -3.69706301
 22.90026985  -3.89040242
 22.93194381  -4.08067133
 22.96361776  -4.26710646
 22.99529172  -4.44895989
 23.02696568  -4.62550210
 23.05863963  -4.79602488
 23.09031359  -4.95984414
 23.12198754  -5.11630272
 23.15366150  -5.26477295
 23.18533545  -5.40465924
 23.21700941  -5.53540041
 23.24868336  -5.65647197
 23.28035732  -5.76738825
 23.31203128  -5.86770427
 23.34370523  -5.95701762
 23.37537919  -6.03497001
 23.40705314  -6.10124871
 23.43872710  -6.15558784
 23.47040105  -6.19776942
 23.50207501  -6.22762423
 23.53374896  -6.24503250
 23.56542292  -6.24992440
 23.59709687  -6.24228030
 23.62877083  -6.22213087
 23.66044479  -6.18955694
 23.69211874  -6.14468918
 23.72379270  -6.08770759
 23.75546665  -6.01884076
 23.78714061  -5.93836495
 23.81881456  -5.84660299
 23.85048852  -5.74392301
 23.88216247  -5.63073692
 23.91383643  -5.50749878
 23.94551039  -5.37470296
 23.97718434  -5.23288220
 24.00885830  -5.08260542
 24.04053225  -4.92447548
 24.07220621  -4.75912674
 24.10388016  -4.58722251
 24.13555412  -4.40945241
 24.16722807  -4.22652957
 24.19890203  -4.03918782
 24.23057599  -3.84817870
 24.26224994  -3.65426847
 24.29392390  -3.45823501
 24.32559785  -3.26086474
 24.35727181  -3.06294944
 24.38894576  -2.86528306
 24.42061972  -2.66865856
 24.45229367  -2.47386473
 24.48396763  -2.28168300
 24.51564159  -2.09288434
 24.54731554  -1.90822613
 24.57898950  -1.72844915
 24.61066345  -1.55427459
 24.64233741  -1.38640119
 24.67401136  -1.22550237
 24.70568532  -1.07222361
 24.73735927  -0.92717980
 24.76903323  -0.79095280
 24.80070719  -0.66408910
 24.83238114  -0.54709763
 24.86405510  -0.44044771
 24.89572905  -0.34456719
 24.92740301  -0.25984070
 24.95907696  -0.18660812
 24.99075092  -0.12516325
 25.02242487  -0.07575257
 25.05409883  -0.03857430
 25.08577279  -0.01377758
 25.11744674  -0.00146189
 25.14912070  -0.00167664
 25.18079465  -0.01442097
 25.21246861  -0.03964374
 25.24414256  -0.07724377
 25.27581652  -0.12707024
 25.30749047  -0.18892325
 25.33916443  -0.26255467
 25.37083838  -0.34766912
 25.40251234  -0.44392515
 25.43418630  -0.55093663
 25.46586025  -0.66827427
 25.49753421  -0.79546734
 25.52920816  -0.93200560
 25.56088212  -1.07734132
 25.59255607  -1.23089146
 25.62423003  -1.39204003
 25.65590398  -1.56014057
 25.68757794  -1.73451873
 25.71925190  -1.91447496
 25.75092585  -2.09928736
 25.78259981  -2.28821452
 25.81427376  -2.48049854
 25.84594772  -2.67536806
 25.87762167  -2.87204132
 25.90929563  -3.06972936
 25.94096958  -3.26763913
 25.97264354  -3.46497668
 26.00431750  -3.66095037
 26.03599145  -3.85477404
 26.06766541  -4.04567013
 26.09933936  -4.23287285
 26.13101332  -4.41563121
 26.16268727  -4.59321205
 26.19436123  -4.76490299
 26.22603518  -4.93001527
 26.25770914  -5.08788652
 26.28938310  -5.23788342
 26.32105705  -5.37940425
 26.35273101  -5.51188127
 26.38440496  -5.63478304
 26.41607892  -5.74761652
 26.44775287  -5.84992908
 26.47942683  -5.94131026
 26.51110078  -6.02139349
 26.54277474  -6.08985750
 26.57444870  -6.14642764
 26.60612265  -6.19087698
 26.63779661  -6.22302719
 26.66947056  -6.24274931
 26.70114452  -6.24996421
 26.73281847  -6.24464296
 26.76449243  -6.22680689
 26.79616638  -6.19652757
 26.82784034  -6.15392646
 26.85951430  -6.09917446
 26.89118825  -6.03249121
 26.92286221  -5.95414423
 26.95453616  -5.86444780
 26.98621012  -5.76376177
 27.01788407  -5.65249003
 27.04955803  -5.53107897
 27.08123198  -5.40001565
 27.11290594  -5.25982584
 27.14457989  -5.11107193
 27.17625385  -4.95435066
 27.20792781  -4.79029074
 27.23960176  -4.61955031
 27.27127572  -4.44281432
 27.30294967  -4.26079176
 27.33462363  -4.07421284
 27.36629758  -3.88382605
 27.39797154  -3.69039514
 27.42964549  -3.49469607
 27.46131945  -3.29751393
 27.49299341  -3.09963973
 27.52466736  -2.90186727
 27.55634132  -2.70498993
 27.58801527  -2.50979751
 27.61968923  -2.31707304
 27.65136318  -2.12758967
 27.68303714  -1.94210752
 27.71471109  -1.76137069
 27.74638505  -1.58610421
 27.77805901  -1.41701119
 27.80973296  -1.25476997
 27.84140692  -1.10003139
 27.87308087  -0.95341620
 27.90475483  -0.81551258
 27.93642878  -0.68687374
 27.96810274  -0.56801572
 27.99977669  -0.45941534
 28.03145065  -0.36150826
 28.06312461  -0.27468725
 28.09479856  -0.19930060
 28.12647252  -0.13565073
 28.15814647  -0.08399299
 28.18982043  -0.04453459
 28.22149438  -0.01743384
 28.25316834  -0.00279946
 28.28484229  -0.00069014
 28.31651625  -0.01111436
 28.34819021  -0.03403028
 28.37986416  -0.06934600
 28.41153812  -0.11691982
 28.44321207  -0.17656090
 28.47488603  -0.24803000
 28.50655998  -0.33104038
 28.53823394  -0.42525907
 28.56990789  -0.53030807
 28.60158185  -0.64576599
 28.63325581  -0.77116964
 28.66492976  -0.90601595
 28.69660372  -1.04976398
 28.72827767  -1.20183705
 28.75995163  -1.36162512
 28.79162558  -1.52848717
 28.82329954  -1.70175381
 28.85497349  -1.88072998
 28.88664745  -2.06469767
 28.91832141  -2.25291890
 28.94999536  -2.44463857
 28.98166932  -2.63908760
 29.01334327  -2.83548592
 29.04501723  -3.03304566
 29.07669118  -3.23097428
 29.10836514  -3.42847778
 29.14003909  -3.62476384
 29.17171305  -3.81904504
 29.20338700  -4.01054200
 29.23506096  -4.19848650
 29.26673492  -4.38212459
 29.29840887  -4.56071957
 29.33008283  -4.73355500
 29.36175678  -4.89993753
 29.39343074  -5.05919969
 29.42510469  -5.21070258
 29.45677865  -5.35383843
 29.48845260  -5.48803304
 29.52012656  -5.61274807
 29.55180052  -5.72748321
 29.58347447  -5.83177818
 29.61514843  -5.92521460
 29.64682238  -6.00741764
 29.67849634  -6.07805752
 29.71017029  -6.13685086
 29.74184425  -6.18356182
 29.77351820  -6.21800301
 29.80519216  -6.24003625
 29.83686612  -6.24957316
 29.86854007  -6.24657549
 29.90021403  -6.23105525
 29.93188798  -6.20307472
 29.96356194  -6.16274613
 29.99523589  -6.11023126
 30.02690985  -6.04574080
 30.05858380  -5.96953344
 30.09025776  -5.88191491
 30.12193172  -5.78323670
 30.15360567  -5.67389466
 30.18527963  -5.55432743
 30.21695358  -5.42501468
 30.24862754  -5.28647515
 30.28030149  -5.13926461
 30.31197545  -4.98397361
 30.34364940  -4.82122513
 30.37532336  -4.65167204
 30.40699732  -4.47599453
 30.43867127  -4.29489735
 30.47034523  -4.10910699
 30.50201918  -3.91936877
 30.53369314  -3.72644385
 30.56536709  -3.53110617
 30.59704105  -3.33413934
 30.62871500  -3.13633353
 30.66038896  -2.93848225
 30.69206292  -2.74137921
 30.72373687  -2.54581511
 30.75541083  -2.35257447
 30.78708478  -2.16243252
 30.81875874  -1.97615201
 30.85043269  -1.79448024
 30.88210665  -1.61814600
 30.91378060  -1.44785668
 30.94545456  -1.28429542
 30.97712851  -1.12811836
 31.00880247  -0.97995202
 31.04047643  -0.84039079
 31.07215038  -0.70999453
 31.10382434  -0.58928635
 31.13549829  -0.47875048
 31.16717225  -0.37883035
 31.19884620  -0.28992679
 31.23052016  -0.21239646
 31.26219411  -0.14655037
 31.29386807  -0.09265269
 31.32554203  -0.05091961
 31.35721598  -0.02151857
 31.38888994  -0.00456750
 31.42056389  -0.00013441
 31.45223785  -0.00823707
 31.48391180  -0.02884300
 31.51558576  -0.06186952
 31.54725971  -0.10718414
 31.57893367  -0.16460508
 31.61060763  -0.23390199
 31.64228158  -0.31479687
 31.67395554  -0.40696521
 31.70562949  -0.51003726
 31.73730345  -0.62359954
 31.76897740  -0.74719647
 31.80065136  -0.88033224
 31.83232531  -1.02247276
 31.86399927  -1.17304781
 31.89567323  -1.33145334
 31.92734718  -1.49705389
 31.95902114  -1.66918513
 31.99069509  -1.84715655
 32.02236905  -2.03025418
 32.05404300  -2.21774352
 32.08571696  -2.40887241
 32.11739091  -2.60287414
 32.14906487  -2.79897043
 32.18073883  -2.99637463
 32.21241278  -3.19429483
 32.24408674  -3.39193704
 32.27576069  -3.58850840
 32.30743465  -3.78322035
 32.33910860  -3.97529177
 32.37078256  -4.16395214
 32.40245651  -4.34844464
 32.43413047  -4.52802914
 32.46580443  -4.70198524
 32.49747838  -4.86961507
 32.52915234  -5.03024618
 32.56082629  -5.18323417
 32.59250025  -5.32796531
 32.62417420  -5.46385901
 32.65584816  -5.59037010
 32.68752211  -5.70699107
 32.71919607  -5.81325409
 32.75087002  -5.90873286
 32.78254398  -5.99304436
 32.81421794  -6.06585038
 32.84589189  -6.12685883
 32.87756585  -6.17582497
 32.90923980  -6.21255238
 32.94091376  -6.23689371
 32.97258771  -6.24875132
 33.00426167  -6.24807764
 33.03593562  -6.23487537
 33.06760958  -6.20919747
 33.09928354  -6.17114696
 33.13095749  -6.12087647
 33.16263145  -6.05858768
 33.19430540  -5.98453047
 33.22597936  -5.89900191
 33.25765331  -5.80234513
 33.28932727  -5.69494786
 33.32100122  -5.57724095
 33.35267518  -5.44969659
 33.38434914  -5.31282644
 33.41602309  -5.16717957
 33.44769705  -5.01334026
 33.47937100  -4.85192565
 33.51104496  -4.68358328
 33.54271891  -4.50898848
 33.57439287  -4.32884164
 33.60606682  -4.14386545
 33.63774078  -3.95480197
 33.66941474  -3.76240964
 33.70108869  -3.56746027
 33.73276265  -3.37073591
 33.76443660  -3.17302576
 33.79611056  -2.97512295
 33.82778451  -2.77782138
 33.85945847  -2.58191256
 33.89113242  -2.38818241
 33.92280638  -2.19740808
 33.95448034  -2.01035489
 33.98615429  -1.82777323
 34.01782825  -1.65039555
 34.04950220  -1.47893341
 34.08117616  -1.31407466
 34.11285011  -1.15648065
 34.14452407  -1.00678358
 34.17619802  -0.86558399
 34.20787198  -0.73344830
 34.23954594  -0.61090660
 34.27121989  -0.49845048
 34.30289385  -0.39653106
 34.33456780  -0.30555722
 34.36624176  -0.22589389
 34.39791571  -0.15786067
 34.42958967  -0.10173047
 34.46126362  -0.05772847
 34.49293758  -0.02603118
 34.52461154  -0.00676577
 34.55628549  -0.00000951
 34.58795945  -0.00578952
 34.61963340  -0.02408260
 34.65130736  -0.05481537
 34.68298131  -0.09786454
 34.71465527  -0.15305742
 34.74632922  -0.22017259
 34.77800318  -0.29894082
 34.80967713  -0.38904610
 34.84135109  -0.49012699
 34.87302505  -0.60177797
 34.90469900  -0.72355115
 34.93637296  -0.85495802
 34.96804691  -0.99547143
 34.99972087  -1.14452769
 35.03139482  -1.30152884
 35.06306878  -1.46584506
 35.09474273  -1.63681717
 35.12641669  -1.81375930
 35.15809065  -1.99596163
 35.18976460  -2.18269322
 35.22143856  -2.37320499
 35.25311251  -2.56673267
 35.28478647  -2.76249990
 35.31646042  -2.95972134
 35.34813438  -3.15760582
 35.37980833  -3.35535950
 35.41148229  -3.55218906
 35.44315625  -3.74730491
 35.47483020  -3.93992430
 35.50650416  -4.12927453
 35.53817811  -4.31459600
 35.56985207  -4.49514527
 35.60152602  -4.67019804
 35.63319998  -4.83905207
 35.66487393  -5.00102998
 35.69654789  -5.15548197
 35.72822185  -5.30178846
 35.75989580  -5.43936250
 35.79156976  -5.56765221
 35.82324371  -5.68614294
 35.85491767  -5.79435935
 35.88659162  -5.89186731
 35.91826558  -5.97827566
 35.94993953  -6.05323776
 35.98161349  -6.11645290
 36.01328745  -6.16766748
 36.04496140  -6.20667605
 36.07663536  -6.23332211
 36.10830931  -6.24749878
 36.13998327  -6.24914919
 36.17165722  -6.23826670
 36.20333118  -6.21489499
 36.23500513  -6.17912780
 36.26667909  -6.13110863
 36.29835305  -6.07103010
 36.33002700  -5.99913323
 36.36170096  -5.91570644
 36.39337491  -5.82108441
 36.42504887  -5.71564672
 36.45672282  -5.59981636
 36.48839678  -5.47405798
 36.52007073  -5.33887608
 36.55174469  -5.19481296
 36.58341864  -5.04244655
 36.61509260  -4.88238808
 36.64676656  -4.71527964
 36.67844051  -4.54179161
 36.71011447  -4.36261995
 36.74178842  -4.17848344
 36.77346238  -3.99012076
 36.80513633  -3.79828755
 36.83681029  -3.60375336
 36.86848424  -3.40729860
 36.90015820  -3.20971137
 36.93183216  -3.01178431
 36.96350611  -2.81431142
 36.99518007  -2.61808490
 37.02685402  -2.42389193
 37.05852798  -2.23251153
 37.09020193  -2.04471145
 37.12187589  -1.86124508
 37.15354984  -1.68284841
 37.18522380  -1.51023709
 37.21689776  -1.34410359
 37.24857171  -1.18511436
 37.28024567  -1.03390720
 37.31191962  -0.89108870
 37.34359358  -0.75723180
 37.37526753  -0.63287348
 37.40694149  -0.51851261
 37.43861544  -0.41460797
 37.47028940  -0.32157638
 37.50196336  -0.23979104
 37.53363731  -0.16958006
 37.56531127  -0.11122509
 37.59698522  -0.06496023
 37.62865918  -0.03097107
 37.66033313  -0.00939397
 37.69200709  -0.00031548
 37.72368104  -0.00377203
 37.75535500  -0.01974974
 37.78702896  -0.04818453
 37.81870291  -0.08896232
 37.85037687  -0.14191952
 37.88205082  -0.20684370
 37.91372478  -0.28347441
 37.94539873  -0.37150422
 37.97707269  -0.47058000
 38.00874664  -0.58030429
 38.04042060  -0.70023693
 38.07209456  -0.82989678
 38.10376851  -0.96876371
 38.13544247  -1.11628063
 38.16711642  -1.27185576
 38.19879038  -1.43486499
 38.23046433  -1.60465440
 38.26213829  -1.78054285
 38.29381224  -1.96182474
 38.32548620  -2.14777285
 38.35716016  -2.33764122
 38.38883411  -2.53066816
 38.42050807  -2.72607934
 38.45218202  -2.92309084
 38.48385598  -3.12091232
 38.51552993  -3.31875019
 38.54720389  -3.51581082
 38.57887784  -3.71130366
 38.61055180  -3.90444448
 38.64222575  -4.09445846
 38.67389971  -4.28058335
 38.70557367  -4.46207248
 38.73724762  -4.63819780
 38.76892158  -4.80825274
 38.80059553  -4.97155512
 38.83226949  -5.12744983
 38.86394344  -5.27531148
 38.89561740  -5.41454690
 38.92729135  -5.54459754
 38.95896531  -5.66494169
 38.99063927  -5.77509657
 39.02231322  -5.87462027
 39.05398718  -5.96311356
 39.08566113  -6.04022142
 39.11733509  -6.10563453
 39.14900904  -6.15909048
 39.18068300  -6.20037483
 39.21235695  -6.22932195
 39.24403091  -6.24581573
 39.27570487  -6.24978999
 39.30737882  -6.24122880
 39.33905278  -6.22016649
 39.37072673  -6.18668756
 39.40240069  -6.14092631
 39.43407464  -6.08306633
 39.46574860  -6.01333972
 39.49742255  -5.93202620
 39.52909651  -5.83945197
 39.56077047  -5.73598840
 39.59244442  -5.62205055
 39.62411838  -5.49809549
 39.65579233  -5.36462048
 39.68746629  -5.22216098
 39.71914024  -5.07128847
 39.75081420  -4.91260820
 39.78248815  -4.74675673
 39.81416211  -4.57439939
 39.84583607  -4.39622762
 39.87751002  -4.21295618
 39.90918398  -4.02532027
 39.94085793  -3.83407262
 39.97253189  -3.63998045
 40.00420584  -3.44382237
 40.03587980  -3.24638530
 40.06755375  -3.04846127
 40.09922771  -2.85084430
 40.13090167  -2.65432713
 40.16257562  -2.45969811
 40.19424958  -2.26773804
 40.22592353  -2.07921697
 40.25759749  -1.89489117
 40.28927144  -1.71550011
 40.32094540  -1.54176341
 40.35261935  -1.37437806
 40.38429331  -1.21401552
 40.41596726  -1.06131913
 40.44764122  -0.91690142
 40.47931518  -0.78134176
 40.51098913  -0.65518396
 40.54266309  -0.53893411
 40.57433704  -0.43305857
 40.60601100  -0.33798206
 40.63768495  -0.25408599
 40.66935891  -0.18170694
 40.70103286  -0.12113524
 40.73270682  -0.07261389
 40.76438078  -0.03633755
 40.79605473  -0.01245173
 40.82772869  -0.00105226
 40.85940264  -0.00218487
 40.89107660  -0.01584502
 40.92275055  -0.04197790
 40.95442451  -0.08047869
 40.98609846  -0.13119292
 41.01777242  -0.19391716
 41.04944638  -0.26839977
 41.08112033  -0.35434197
 41.11279429  -0.45139899
 41.14446824  -0.55918147
 41.17614220  -0.67725702
 41.20781615  -0.80515198
 41.23949011  -0.94235328
 41.27116406  -1.08831052
 41.30283802  -1.24243818
 41.33451198  -1.40411795
 41.36618593  -1.57270124
 41.39785989  -1.74751176
 41.42953384  -1.92784823
 41.46120780  -2.11298721
 41.49288175  -2.30218600
 41.52455571  -2.49468561
 41.55622966  -2.68971379
 41.58790362  -2.88648818
 41.61957758  -3.08421938
 41.65125153  -3.28211418
 41.68292549  -3.47937869
 41.71459944  -3.67522158
 41.74627340  -3.86885719
 41.77794735  -4.05950873
 41.80962131  -4.24641137
 41.84129526  -4.42881535
 41.87296922  -4.60598892
 41.90464318  -4.77722133
 41.93631713  -4.94182567
 41.96799109  -5.09914159
 41.99966504  -5.24853802
 42.03133900  -5.38941563
 42.06301295  -5.52120927
 42.09468691  -5.64339025
 42.12636086  -5.75546840
 42.15803482  -5.85699413
 42.18970877  -5.94756015
 42.22138273  -6.02680314
 42.25305669  -6.09440520
 42.28473064  -6.15009516
 42.31640460  -6.19364960
 42.34807855  -6.22489379
 42.37975251  -6.24370239
 42.41142646  -6.24999997
 42.44310042  -6.24376124
 42.47477437  -6.22501124
 42.50644833  -6.19382518
 42.53812229  -6.15032817
 42.56979624  -6.09469472
 42.60147020  -6.02714798
 42.63314415  -5.94795894
 42.66481811  -5.85744528
 42.69649206  -5.75597009
 42.72816602  -5.64394046
 42.75983997  -5.52180581
 42.79151393  -5.39005610
 42.82318789  -5.24921985
 42.85486184  -5.09986204
 42.88653580  -4.94258185
 42.91820975  -4.77801022
 42.94988371  -4.60680734
 42.98155766  -4.42966002
 43.01323162  -4.24727891
 43.04490557  -4.06039565
 43.07657953  -3.86975993
 43.10825349  -3.67613653
 43.13992744  -3.48030218
 43.17160140  -3.28304249
 43.20327535  -3.08514880
 43.23494931  -2.88741497
 43.26662326  -2.69063425
 43.29829722  -2.49559603
 43.32997117  -2.30308274
 43.36164513  -2.11386666
 43.39331909  -1.92870687
 43.42499304  -1.74834614
 43.45666700  -1.57350802
 43.48834095  -1.40489389
 43.52001491  -1.24318017
 43.55168886  -1.08901558
 43.58336282  -0.94301858
 43.61503677  -0.80577486
 43.64671073  -0.67783497
 43.67838469  -0.55971217
 43.71005864  -0.45188032
 43.74173260  -0.35477200
 43.77340655  -0.26877677
 43.80508051  -0.19423962
 43.83675446  -0.13145954
 43.86842842  -0.08068841
 43.90010237  -0.04212988
 43.93177633  -0.01593864
 43.96345029  -0.00221976
 43.99512424  -0.00102828
 44.02679820  -0.01236898
 44.05847215  -0.03619635
 44.09014611  -0.07241482
 44.12182006  -0.12087909
 44.15349402  -0.18139473
 44.18516797  -0.25371900
 44.21684193  -0.33756173
 44.24851588  -0.43258660
 44.28018984  -0.53841240
 44.31186380  -0.65461460
 44.34353775  -0.78072703
 44.37521171  -0.91624379
 44.40688566  -1.06062123
 44.43855962  -1.21328016
 44.47023357  -1.37360818
 44.50190753  -1.54096211
 44.53358148  -1.71467059
 44.56525544  -1.89403677
 44.59692940  -2.07834111
 44.62860335  -2.26684423
 44.66027731  -2.45878995
 44.69195126  -2.65340825
 44.72362522  -2.84991840
 44.75529917  -3.04753206
 44.78697313  -3.24545650
 44.81864708  -3.44289771
 44.85032104  -3.63906364
 44.88199500  -3.83316734
 44.91366895  -4.02443014
 44.94534291  -4.21208478
 44.97701686  -4.39537845
 45.00869082  -4.57357585
 45.04036477  -4.74596212
 45.07203873  -4.91184572
 45.10371268  -5.07056117
 45.13538664  -5.22147178
 45.16706060  -5.36397215
 45.19873455  -5.49749062
 45.23040851  -5.62149158
 45.26208246  -5.73547756
 45.29375642  -5.83899131
 45.32543037  -5.93161758
 45.35710433  -6.01298477
 45.38877828  -6.08276647
 45.42045224  -6.14068275
 45.45212620  -6.18650127
 45.48380015  -6.22003822
 45.51547411  -6.24115907
 45.54714806  -6.24977908
 45.57882202  -6.24586368
 45.61049597  -6.22942857
 45.64216993  -6.20053969
 45.67384388  -6.15931292
 45.70551784  -6.10591365
 45.73719180  -6.04055610
 45.76886575  -5.96350247
 45.80053971  -5.87506185
 45.83221366  -5.77558903
 45.86388762  -5.66548307
 45.89556157  -5.54518567
 45.92723553  -5.41517942
 45.95890948  -5.27598584
 45.99058344  -5.12816333
 46.02225739  -4.97230491
 46.05393135  -4.80903580
 46.08560531  -4.63901099
 46.11727926  -4.46291255
 46.14895322  -4.28144691
 46.18062717  -4.09534206
 46.21230113  -3.90534456
 46.24397508  -3.71221663
 46.27564904  -3.51673300
 46.30732299  -3.31967789
 46.33899695  -3.12184181
 46.37067091  -2.92401840
 46.40234486  -2.72700125
 46.43401882  -2.53158072
 46.46569277  -2.33854076
 46.49736673  -2.14865577
 46.52904068  -1.96268750
 46.56071464  -1.78138198
 46.59238859  -1.60546654
 46.62406255  -1.43564689
 46.65573651  -1.27260427
 46.68741046  -1.11699275
 46.71908442  -0.96943659
 46.75075837  -0.83052772
 46.78243233  -0.70082339
 46.81410628  -0.58084392
 46.84578024  -0.47107064
 46.87745419  -0.37194390
 46.90912815  -0.28386136
 46.94080211  -0.20717638
 46.97247606  -0.14219659
 47.00415002  -0.08918266
 47.03582397  -0.04834726
 47.06749793  -0.01985421
 47.09917188  -0.00381782
 47.13084584  -0.00030241
 47.16251979  -0.00932209
 47.19419375  -0.03084067
 47.22586771  -0.06477183
 47.25754166  -0.11097945
 47.28921562  -0.16927816
 47.32088957  -0.23943410
 47.35256353  -0.32116581
 47.38423748  -0.41414544
 47.41591144  -0.51799997
 47.44758539  -0.63231278
 47.47925935  -0.75662530
 47.51093331  -0.89043883
 47.54260726  -1.03321656
 47.57428122  -1.18438572
 47.60595517  -1.34333988
 47.63762913  -1.50944138
 47.66930308  -1.68202387
 47.70097704  -1.86039504
 47.73265099  -2.04383931
 47.76432495  -2.23162079
 47.79599890  -2.42298616
 47.82767286  -2.61716774
 47.85934682  -2.81338654
 47.89102077  -3.01085542
 47.92269473  -3.20878221
 47.95436868  -3.40637289
 47.98604264  -3.60283482
 48.01771659  -3.79737985
 48.04939055  -3.98922755
 48.08106450  -4.17760831
 48.11273846  -4.36176640
 48.14441242  -4.54096306
 48.17608637  -4.71447943
 48.20776033  -4.88161941
 48.23943428  -5.04171250
 48.27110824  -5.19411649
 48.30278219  -5.33821997
 48.33445615  -5.47344487
 48.36613010  -5.59924870
 48.39780406  -5.71512680
 48.42947802  -5.82061431
 48.46115197  -5.91528804
 48.49282593  -5.99876821
 48.52449988  -6.07071993
 48.55617384  -6.13085455
 48.58784779  -6.17893083
 48.61952175  -6.21475592
 48.65119570  -6.23818609
 48.68286966  -6.24912736
 48.71454362  -6.24753583
 48.74621757  -6.23341788
 48.77789153  -6.20683015
 48.80956548  -6.16787930
 48.84123944  -6.11672159
 48.87291339  -6.05356224
 48.90458735  -5.97865463
 48.93626130  -5.89229925
 48.96793526  -5.79484252
 48.99960922  -5.68667541
 49.03128317  -5.56823185
 49.06295713  -5.43998698
 49.09463108  -5.30245526
 49.12630504  -5.15618844
 49.15797899  -5.00177326
 49.18965295  -4.83982919
 49.22132690  -4.67100589
 49.25300086  -4.49598060
 49.28467482  -4.31545547
 49.31634877  -4.13015468
 49.34802273  -3.94082160
 49.37969668  -3.74821576
 49.41137064  -3.55310981
 49.44304459  -3.35628646
 49.47471855  -3.15853527
 49.50639250  -2.96064955
 49.53806646  -2.76342314
 49.56974042  -2.56764724
 49.60141437  -2.37410722
 49.63308833  -2.18357950
 49.66476228  -1.99682839
 49.69643624  -1.81460308
 49.72811019  -1.63763457
 49.75978415  -1.46663281
 49.79145810  -1.30228377
 49.82313206  -1.14524678
 49.85480601  -0.99615179
 49.88647997  -0.85559693
 49.91815393  -0.72414604
 49.94982788  -0.60232645
 49.98150184  -0.49062686
 50.01317579  -0.38949537
 50.04484975  -0.29933767
 50.07652370  -0.22051544
 50.10819766  -0.15334488
 50.13987161  -0.09809547
 50.17154557  -0.05498884
 50.20321953  -0.02419791
 50.23489348  -0.00584621
 50.26656744  -0.00000736
 50.29824139  -0.00670477
 50.32991535  -0.02591160
 50.36158930  -0.05755077
 50.39326326  -0.10149537
 50.42493721  -0.15756911
 50.45661117  -0.22554705
 50.48828513  -0.30515647
 50.51995908  -0.39607803
 50.55163304  -0.49794697
 50.58330699  -0.61035465
 50.61498095  -0.73285011
 50.64665490  -0.86494196
 50.67832886  -1.00610029
 50.71000281  -1.15575884
 50.74167677  -1.31331723
 50.77335073  -1.47814339
 50.80502468  -1.64957611
 50.83669864  -1.82692766
 50.86837259  -2.00948658
 50.90004655  -2.19652051
 50.93172050  -2.38727915
 50.96339446  -2.58099724
 50.99506841  -2.77689765
 51.02674237  -2.97419452
 51.05841633  -3.17209637
 51.09009028  -3.36980928
 51.12176424  -3.56654011
 51.15343819  -3.76149966
 51.18511215  -3.95390580
 51.21678610  -4.14298670
 51.24846006  -4.32798383
 51.28013401  -4.50815505
 51.31180797  -4.68277758
 51.34348193  -4.85115090
 51.37515588  -5.01259957
 51.40682984  -5.16647592
 51.43850379  -5.31216264
 51.47017775  -5.44907531
 51.50185170  -5.57666469
 51.53352566  -5.69441892
 51.56519961  -5.80186564
 51.59687357  -5.89857379
 51.62854752  -5.98415544
 51.66022148  -6.05826725
 51.69189544  -6.12061191
 51.72356939  -6.17093934
 51.75524335  -6.20904762
 51.78691730  -6.23478389
 51.81859126  -6.24804490
 51.85026521  -6.24877745
 51.88193917  -6.23697861
 51.91361312  -6.21269571
 51.94528708  -6.17602615
 51.97696104  -6.12711705
 52.00863499  -6.06616461
 52.04030895  -5.99341334
 52.07198290  -5.90915510
 52.10365686  -5.81372791
 52.13533081  -5.70751456
 52.16700477  -5.59094116
 52.19867872  -5.46447535
 52.23035268  -5.32862447
 52.26202664  -5.18393349
 52.29370059  -5.03098286
 52.32537455  -4.87038615
 52.35704850  -4.70278763
 52.38872246  -4.52885963
 52.42039641  -4.34929988
 52.45207037  -4.16482872
 52.48374432  -3.97618616
 52.51541828  -3.78412896
 52.54709224  -3.58942760
 52.57876619  -3.39286313
 52.61044015  -3.19522410
 52.64211410  -2.99730335
 52.67378806  -2.79989487
 52.70546201  -2.60379059
 52.73713597  -2.40977721
 52.76880992  -2.21863302
 52.80048388  -2.03112483
 52.83215784  -1.84800484
 52.86383179  -1.67000767
 52.89550575  -1.49784737
 52.92717970  -1.33221458
 52.95885366  -1.17377376
 52.99052761  -1.02316051
 53.02220157  -0.88097903
 53.05387552  -0.74779970
 53.08554948  -0.62415679
 53.11722344  -0.51054630
 53.14889739  -0.40742400
 53.18057135  -0.31520356
 53.21224530  -0.23425495
 53.24391926  -0.16490290
 53.27559321  -0.10742562
 53.30726717  -0.06205370
 53.33894112  -0.02896913
 53.37061508  -0.00830466
 53.40228903  -0.00014316
 53.43396299  -0.00451740
 53.46563695  -0.02140981
 53.49731090  -0.05075264
 53.52898486  -0.09242816
 53.56065881  -0.14626920
 53.59233277  -0.21205976
 53.62400672  -0.28953592
 53.65568068  -0.37838688
 53.68735463  -0.47825619
 53.71902859  -0.58874322
 53.75070255  -0.70940474
 53.78237650  -0.83975670
 53.81405046  -0.97927617
 53.84572441  -1.12740347
 53.87739837  -1.28354436
 53.90907232  -1.44707246
 53.94074628  -1.61733177
 53.97242023  -1.79363926
 54.00409419  -1.97528765
 54.03576815  -2.16154825
 54.06744210  -2.35167385
 54.09911606  -2.54490174
 54.13079001  -2.74045676
 54.16246397  -2.93755442
 54.19413792  -3.13540404
 54.22581188  -3.33321192
 54.25748583  -3.53018453
 54.28915979  -3.72553170
 54.32083375  -3.91846977
 54.35250770  -4.10822474
 54.38418166  -4.29403539
 54.41585561  -4.47515633
 54.44752957  -4.65086095
 54.47920352  -4.82044440
 54.51087748  -4.98322638
 54.54255143  -5.13855387
 54.57422539  -5.28580376
 54.60589935  -5.42438533
 54.63757330  -5.55374265
 54.66924726  -5.67335679
 54.70092121  -5.78274789
 54.73259517  -5.88147714
 54.76426912  -5.96914845
 54.79594308  -6.04541014
 54.82761703  -6.10995626
 54.85929099  -6.16252788
 54.89096495  -6.20291411
 54.92263890  -6.23095292
 54.95431286  -6.24653185
 54.98598681  -6.24958839
 55.01766077  -6.24011028
 55.04933472  -6.21813554
 55.08100868  -6.18375233
 55.11268263  -6.13709859
 55.14435659  -6.07836145
 55.17603055  -6.00777657
 55.20770450  -5.92562710
 55.23937846  -5.83224258
 55.27105241  -5.72799764
 55.30272637  -5.61331048
 55.33440032  -5.48864118
 55.36607428  -5.35448985
 55.39774823  -5.21139466
 55.42942219  -5.05992966
 55.46109614  -4.90070247
 55.49277010  -4.73435184
 55.52444406  -4.56154510
 55.55611801  -4.38297550
 55.58779197  -4.19935939
 55.61946592  -4.01143336
 55.65113988  -3.81995129
 55.68281383  -3.62568135
 55.71448779  -3.42940287
 55.74616174  -3.23190324
 55.77783570  -3.03397476
 55.80950966  -2.83641143
 55.84118361  -2.64000581
 55.87285757  -2.44554580
 55.90453152  -2.25381151
 55.93620548  -2.06557208
 55.96787943  -1.88158267
 55.99955339  -1.70258138
 56.03122734  -1.52928628
 56.06290130  -1.36239257
 56.09457526  -1.20256977
 56.12624921  -1.05045902
 56.15792317  -0.90667053
 56.18959712  -0.77178113
 56.22127108  -0.64633194
 56.25294503  -0.53082621
 56.28461899  -0.42572731
 56.31629294  -0.33145686
 56.34796690  -0.24839303
 56.37964086  -0.17686904
 56.41131481  -0.11717183
 56.44298877  -0.06954086
 56.47466272  -0.03416722
 56.50633668  -0.01119282
 56.53801063  -0.00070981
 56.56968459  -0.00276026
 56.60135854  -0.01733594
 56.63303250  -0.04437837
 56.66470646  -0.08377907
 56.69638041  -0.13537998
 56.72805437  -0.19897410
 56.75972832  -0.27430631
 56.79140228  -0.36107441
 56.82307623  -0.45893032
 56.85475019  -0.56748148
 56.88642414  -0.68629242
 56.91809810  -0.81488651
 56.94977206  -0.95274790
 56.98144601  -1.09932353
 57.01311997  -1.25402539
 57.04479392  -1.41623288
 57.07646788  -1.58529530
 57.10814183  -1.76053441
 57.13981579  -1.94124724
 57.17148974  -2.12670883
 57.20316370  -2.31617518
 57.23483765  -2.50888623
 57.26651161  -2.70406888
 57.29818557  -2.90094016
 57.32985952  -3.09871027
 57.36153348  -3.29658585
 57.39320743  -3.49377309
 57.42488139  -3.68948095
 57.45655534  -3.88292434
 57.48822930  -4.07332722
 57.51990325  -4.25992578
 57.55157721  -4.44197145
 57.58325117  -4.61873394
 57.61492512  -4.78950414
 57.64659908  -4.95359699
 57.67827303  -5.11035421
 57.70994699  -5.25914695
 57.74162094  -5.39937832
 57.77329490  -5.53048575
 57.80496885  -5.65194329
 57.83664281  -5.76326371
 57.86831677  -5.86400043
 57.89999072  -5.95374933
 57.93166468  -6.03215038
 57.96333863  -6.09888905
 57.99501259  -6.15369762
 58.02668654  -6.19635622
 58.05836050  -6.22669372
 58.09003445  -6.24458842
 58.12170841  -6.24996852
 58.15338237  -6.24281245
 58.18505632  -6.22314891
 58.21673028  -6.19105679
 58.24840423  -6.14666483
 58.28007819  -6.09015111
 58.31175214  -6.02174234
 58.34342610  -5.94171295
 58.37510005  -5.85038399
 58.40677401  -5.74812184
 58.43844797  -5.63533673
 58.47012192  -5.51248111
 58.50179588  -5.38004783
 58.53346983  -5.23856817
 58.56514379  -5.08860969
 58.59681774  -4.93077395
 58.62849170  -4.76569415
 58.66016565  -4.59403251
 58.69183961  -4.41647768
 58.72351357  -4.23374193
 58.75518752  -4.04655834
 58.78686148  -3.85567780
 58.81853543  -3.66186607
 58.85020939  -3.46590064
 58.88188334  -3.26856765
 58.91355730  -3.07065872
 58.94523125  -2.87296778
 58.97690521  -2.67628790
 59.00857916  -2.48140808
 59.04025312  -2.28911011
 59.07192708  -2.10016540
 59.10360103  -1.91533194
 59.13527499  -1.73535120
 59.16694894  -1.56094520
 59.19862290  -1.39281359
 59.23029685  -1.23163084
 59.26197081  -1.07804356
 59.29364476  -0.93266789
 59.32531872  -0.79608701
 59.35699268  -0.66884883
 59.38866663  -0.55146380
 59.42034059  -0.44440279
 59.45201454  -0.34809532
 59.48368850  -0.26292772
 59.51536245  -0.18924166
 59.54703641  -0.12733273
 59.57871036  -0.07744929
 59.61038432  -0.03979146
 59.64205828  -0.01451030
 59.67373223  -0.00170723
 59.70540619  -0.00143360
 59.73708014  -0.01369053
 59.76875410  -0.03842884
 59.80042805  -0.07554929
 59.83210201  -0.12490296
 59.86377596  -0.18629186
 59.89544992  -0.25946974
 59.92712388  -0.34414303
 59.95879783  -0.43997204
 59.99047179  -0.54657236
 60.02214574  -0.66351633
 60.05381970  -0.79033484
 60.08549365  -0.92651912
 60.11716761  -1.07152287
 60.14884156  -1.22476438
 60.18051552  -1.38562890
 60.21218948  -1.55347111
 60.24386343  -1.72761770
 60.27553739  -1.90737004
 60.30721134  -2.09200705
 60.33888530  -2.28078803
 60.37055925  -2.47295566
 60.40223321  -2.66773905
 60.43390716  -2.86435679
 60.46558112  -3.06202013
 60.49725508  -3.25993612
 60.52892903  -3.45731080
 60.56060299  -3.65335238
 60.59227694  -3.84727441
 60.62395090  -4.03829895
 60.65562485  -4.22565969
 60.68729881  -4.40860500
 60.71897276  -4.58640098
 60.75064672  -4.75833439
 60.78232068  -4.92371548
 60.81399463  -5.08188082
 60.84566859  -5.23219590
 60.87734254  -5.37405772
 60.90901650  -5.50689719
 60.94069045  -5.63018140
 60.97236441  -5.74341578
 61.00403836  -5.84614608
 61.03571232  -5.93796019
 61.06738627  -6.01848979
 61.09906023  -6.08741181
 61.13073419  -6.14444978
 61.16240814  -6.18937487
 61.19408210  -6.22200687
 61.22575605  -6.24221487
 61.25743001  -6.24991779
 61.28910396  -6.24508475
 61.32077792  -6.22773512
 61.35245187  -6.19793851
 61.38412583  -6.15581446
 61.41579979  -6.10153194
 61.44747374  -6.03530871
 61.47914770  -5.95741045
 61.51082165  -5.86814964
 61.54249561  -5.76788436
 61.57416956  -5.65701686
 61.60584352  -5.53599187
 61.63751747  -5.40529490
 61.66919143  -5.26545028
 61.70086539  -5.11701898
 61.73253934  -4.96059647
 61.76421330  -4.79681025
 61.79588725  -4.62631737
 61.82756121  -4.44980179
 61.85923516  -4.26797160
 61.89090912  -4.08155626
 61.92258307  -3.89130357
 61.95425703  -3.69797677
 61.98593099  -3.50235141
 62.01760494  -3.30521226
 62.04927890  -3.10735017
 62.08095285  -2.90955888
 62.11262681  -2.71263186
 62.14430076  -2.51735910
 62.17597472  -2.32452396
 62.20764867  -2.13490003
 62.23932263  -1.94924799
 62.27099659  -1.76831263
 62.30267054  -1.59281977
 62.33434450  -1.42347343
 62.36601845  -1.26095296
 62.39769241  -1.10591033
 62.42936636  -0.95896751
 62.46104032  -0.82071399
 62.49271427  -0.69170437
 62.52438823  -0.57245621
 62.55606219  -0.46344787
 62.58773614  -0.36511665
 62.61941010  -0.27785703
 62.65108405  -0.20201905
 62.68275801  -0.13790695
 62.71443196  -0.08577791
 62.74610592  -0.04584107
 62.77777987  -0.01825664
 62.80945383  -0.00313526
 62.84112778  -0.00053761
 62.87280174  -0.01047410
 62.90447570  -0.03290488
 62.93614965  -0.06773995
 62.96782361  -0.11483957
 62.99949756  -0.17401481
 63.03117152  -0.24502826
 63.06284547  -0.32759505
 63.09451943  -0.42138396
 63.12619338  -0.52601874
 63.15786734  -0.64107963
 63.18954130  -0.76610506
 63.22121525  -0.90059346
 63.25288921  -1.04400534
 63.28456316  -1.19576536
 63.31623712  -1.35526473
 63.34791107  -1.52186361
 63.37958503  -1.69489364
 63.41125898  -1.87366072
 63.44293294  -2.05744769
 63.47460690  -2.24551727
 63.50628085  -2.43711500
 63.53795481  -2.63147225
 63.56962876  -2.82780935
 63.60130272  -3.02533867
 63.63297667  -3.22326779
 63.66465063  -3.42080269
 63.69632458  -3.61715095
 63.72799854  -3.81152489
 63.75967250  -4.00314475
 63.79134645  -4.19124184
 63.82302041  -4.37506157
 63.85469436  -4.55386653
 63.88636832  -4.72693943
 63.91804227  -4.89358597
 63.94971623  -5.05313762
 63.98139018  -5.20495431
 64.01306414  -5.34842704
 64.04473810  -5.48298022
 64.07641205  -5.60807409
 64.10808601  -5.72320683
 64.13975996  -5.82791656
 64.17143392  -5.92178322
 64.20310787  -6.00443026
 64.23478183  -6.07552613
 64.26645578  -6.13478563
 64.29812974  -6.18197102
 64.32980370  -6.21689302
 64.36147765  -6.23941153
 64.39315161  -6.24943622
 64.42482556  -6.24692686
 64.45649952  -6.23189354
 64.48817347  -6.20439655
 64.51984743  -6.16454621
 64.55152138  -6.11250237
 64.58319534  -6.04847383
 64.61486929  -5.97271742
 64.64654325  -5.88553707
 64.67821721  -5.78728250
 64.70989116  -5.67834788
 64.74156512  -5.55917021
 64.77323907  -5.43022758
 64.80491303  -5.29203726
 64.83658698  -5.14515362
 64.86826094  -4.99016590
 64.89993489  -4.82769585
 64.93160885  -4.65839524
 64.96328281  -4.48294324
 64.99495676  -4.30204369
 65.02663072  -4.11642229
 65.05830467  -3.92682369
 65.08997863  -3.73400847
 65.12165258  -3.53875015
 65.15332654  -3.34183203
 65.18500049  -3.14404405
 65.21667445  -2.94617968
 65.24834841  -2.74903267
 65.28002236  -2.55339389
 65.31169632  -2.36004818
 65.34337027  -2.16977116
 65.37504423  -1.98332615
 65.40671818  -1.80146110
 65.43839214  -1.62490558
 65.47006609  -1.45436786
 65.50174005  -1.29053208
 65.53341401  -1.13405548
 65.56508796  -0.98556578
 65.59676192  -0.84565867
 65.62843587  -0.71489540
 65.66010983  -0.59380055
 65.69178378  -0.48285990
 65.72345774  -0.38251850
 65.75513169  -0.29317888
 65.78680565  -0.21519944
 65.81847961  -0.14889300
 65.85015356  -0.09452557
 65.88182752  -0.05231523
 65.91350147  -0.02243132
 65.94517543  -0.00499373
 65.97684938  -0.00007241
 66.00852334  -0.00768709
 66.04019729  -0.02780724
 66.07187125  -0.06035213
 66.10354521  -0.10519122
 66.13521916  -0.16214462
 66.16689312  -0.23098385
 66.19856707  -0.31143277
 66.23024103  -0.40316864
 66.26191498  -0.50582345
 66.29358894  -0.61898540
 66.32526289  -0.74220051
 66.35693685  -0.87497450
 66.38861081  -1.01677472
 66.42028476  -1.16703234
 66.45195872  -1.32514457
 66.48363267  -1.49047713
 66.51530663  -1.66236677
 66.54698058  -1.84012393
 66.57865454  -2.02303552
 66.61032849  -2.21036777
 66.64200245  -2.40136917
 66.67367640  -2.59527350
 66.70535036  -2.79130289
 66.73702432  -2.98867095
 66.76869827  -3.18658590
 66.80037223  -3.38425380
 66.83204618  -3.58088167
 66.86372014  -3.77568072
 66.89539409  -3.96786948
 66.92706805  -4.15667698
 66.95874200  -4.34134579
 66.99041596  -4.52113508
 67.02208992  -4.69532361
 67.05376387  -4.86321261
 67.08543783  -5.02412857
 67.11711178  -5.17742595
 67.14878574  -5.32248979
 67.18045969  -5.45873815
 67.21213365  -5.58562444
 67.24380760  -5.70263965
 67.27548156  -5.80931436
 67.30715552  -5.90522063
 67.33882947  -5.98997373
 67.37050343  -6.06323365
 67.40217738  -6.12470650
 67.43385134  -6.17414569
 67.46552529  -6.21135287
 67.49719925  -6.23617879
 67.52887320  -6.24852386
 67.56054716  -6.24833854
 67.59222112  -6.23562360
 67.62389507  -6.21043002
 67.65556903  -6.17285888
 67.68724298  -6.12306091
 67.71891694  -6.06123586
 67.75059089  -5.98763177
 67.78226485  -5.90254389
 67.81393880  -5.80631358
 67.84561276  -5.69932686
 67.87728672  -5.58201294
 67.90896067  -5.45484242
 67.94063463  -5.31832547
 67.97230858  -5.17300973
 68.00398254  -5.01947817
 68.03565649  -4.85834670
 68.06733045  -4.69026169
 68.09900440  -4.51589747
 68.13067836  -4.33595349
 68.16235232  -4.15115163
 68.19402627  -3.96223325
 68.22570023  -3.76995621
 68.25737418  -3.57509185
 68.28904814  -3.37842190
 68.32072209  -3.18073531
 68.35239605  -2.98282514
 68.38407000  -2.78548532
 68.41574396  -2.58950750
 68.44741791  -2.39567787
 68.47909187  -2.20477400
 68.51076583  -2.01756172
 68.54243978  -1.83479206
 68.57411374  -1.65719822
 68.60578769  -1.48549264
 68.63746165  -1.32036413
 68.66913560  -1.16247513
 68.70080956  -1.01245902
 68.73248351  -0.87091762
 68.76415747  -0.73841873
 68.79583143  -0.61549389
 68.82750538  -0.50263622
 68.85917934  -0.40029847
 68.89085329  -0.30889117
 68.92252725  -0.22878103
 68.95420120  -0.16028940
 68.98587516  -0.10369105
 69.01754911  -0.05921303
 69.04922307  -0.02703378
 69.08089703  -0.00728237
 69.11257098  -0.00003805
 69.14424494  -0.00532988
 69.17591889  -0.02313662
 69.20759285  -0.05338686
 69.23926680  -0.09595922
 69.27094076  -0.15068293
 69.30261471  -0.21733846
 69.33428867  -0.29565841
 69.36596263  -0.38532860
 69.39763658  -0.48598929
 69.42931054  -0.59723668
 69.46098449  -0.71862449
 69.49265845  -0.84966575
 69.52433240  -0.98983478
 69.55600636  -1.13856928
 69.58768031  -1.29527256
 69.61935427  -1.45931602
 69.65102823  -1.63004156
 69.68270218  -1.80676429
 69.71437614  -1.98877529
 69.74605009  -2.17534438
 69.77772405  -2.36572312
 69.80939800  -2.55914779
 69.84107196  -2.75484244
 69.87274591  -2.95202203
 69.90441987  -3.14989553
 69.93609383  -3.34766916
 69.96776778  -3.54454953
 69.99944174  -3.73974683
 70.03111569  -3.93247800
 70.06278965  -4.12196988
 70.09446360  -4.30746230
 70.12613756  -4.48821113
 70.15781151  -4.66349128
 70.18948547  -4.83259960
 70.22115942  -4.99485768
 70.25283338  -5.14961462
 70.28450734  -5.29624957
 70.31618129  -5.43417431
 70.34785525  -5.56283552
 70.37952920  -5.68171708
 70.41120316  -5.79034207
 70.44287711  -5.88827473
 70.47455107  -5.97512219
 70.50622502  -6.05053605
 70.53789898  -6.11421379
 70.56957294  -6.16589995
 70.60124689  -6.20538719
 70.63292085  -6.23251710
 70.66459480  -6.24718084
 70.69626876  -6.24931959
 70.72794271  -6.23892477
 70.75961667  -6.21603808
 70.79129062  -6.18075133
 70.82296458  -6.13320608
 70.85463854  -6.07359307
 70.88631249  -6.00215143
 70.91798645  -5.91916776
 70.94966040  -5.82497497
 70.98133436  -5.71995091
 71.01300831  -5.60451690
 71.04468227  -5.47913603
 71.07635622  -5.34431126
 71.10803018  -5.20058348
 71.13970414  -5.04852924
 71.17137809  -4.88875855
 71.20305205  -4.72191233
 71.23472600  -4.54865992
 71.26639996  -4.36969633
 71.29807391  -4.18573949
 71.32974787  -3.99752738
 71.36142182  -3.80581502
 71.39309578  -3.61137149
 71.42476974  -3.41497683
 71.45644369  -3.21741889
 71.48811765  -3.01949020
 71.51979160  -2.82198477
 71.55146556  -2.62569493
 71.58313951  -2.43140811
 71.61481347  -2.23990371
 71.64648742  -2.05194998
 71.67816138  -1.86830091
 71.70983534  -1.68969324
 71.74150929  -1.51684346
 71.77318325  -1.35044500
 71.80485720  -1.19116536
 71.83653116  -1.03964353
 71.86820511  -0.89648735
 71.89987907  -0.76227110
 71.93155302  -0.63753322
 71.96322698  -0.52277410
 71.99490094  -0.41845411
 72.02657489  -0.32499174
 72.05824885  -0.24276193
 72.08992280  -0.17209455
 72.12159676  -0.11327310
 72.15327071  -0.06653353
 72.18494467  -0.03206336
 72.21661862  -0.01000087
 72.24829258  -0.00043455
 72.27996653  -0.00340279
 72.31164049  -0.01889368
 72.34331445  -0.04684508
 72.37498840  -0.08714485
 72.40666236  -0.13963133
 72.43833631  -0.20409397
 72.47001027  -0.28027415
 72.50168422  -0.36786629
 72.53335818  -0.46651899
 72.56503213  -0.57583649
 72.59670609  -0.69538025
 72.62838005  -0.82467072
 72.66005400  -0.96318923
 72.69172796  -1.11038009
 72.72340191  -1.26565283
 72.75507587  -1.42838456
 72.78674982  -1.59792246
 72.81842378  -1.77358641
 72.85009773  -1.95467171
 72.88177169  -2.14045192
 72.91344565  -2.33018175
 72.94511960  -2.52310010
 72.97679356  -2.71843303
 73.00846751  -2.91539696
 73.04014147  -3.11320173
 73.07181542  -3.31105383
 73.10348938  -3.50815955
 73.13516333  -3.70372819
 73.16683729  -3.89697519
 73.19851125  -4.08712532
 73.23018520  -4.27341578
 73.26185916  -4.45509923
 73.29353311  -4.63144683
 73.32520707  -4.80175115
 73.35688102  -4.96532899
 73.38855498  -5.12152413
 73.42022893  -5.26970999
 73.45190289  -5.40929209
 73.48357685  -5.53971049
 73.51525080  -5.66044200
 73.54692476  -5.77100229
 73.57859871  -5.87094783
 73.61027267  -5.95987768
 73.64194662  -6.03743510
 73.67362058  -6.10330894
 73.70529453  -6.15723495
 73.73696849  -6.19899680
 73.76864245  -6.22842695
 73.80031640  -6.24540735
 73.83199036  -6.24986987
 73.86366431  -6.24179661
 73.89533827  -6.22121996
 73.92701222  -6.18822247
 73.95868618  -6.14293650
 73.99036013  -6.08554373
 74.02203409  -6.01627440
 74.05370804  -5.93540638
 74.08538200  -5.84326409
 74.11705596  -5.74021717
 74.14872991  -5.62667900
 74.18040387  -5.50310506
 74.21207782  -5.36999107
 74.24375178  -5.22787105
 74.27542573  -5.07731510
 74.30709969  -4.91892723
 74.33877364  -4.75334280
 74.37044760  -4.58122609
 74.40212156  -4.40326755
 74.43379551  -4.22018110
 74.46546947  -4.03270121
 74.49714342  -3.84157996
 74.52881738  -3.64758407
 74.56049133  -3.45149177
 74.59216529  -3.25408972
 74.62383924  -3.05616981
 74.65551320  -2.85852601
 74.68718716  -2.66195121
 74.71886111  -2.46723398
 74.75053507  -2.27515546
 74.78220902  -2.08648618
 74.81388298  -1.90198303
 74.84555693  -1.72238615
 74.87723089  -1.54841601
 74.90890484  -1.38077053
 74.94057880  -1.22012223
 74.97225276  -1.06711556
 75.00392671  -0.92236434
 75.03560067  -0.78644924
 75.06727462  -0.65991552
 75.09894858  -0.54327076
 75.13062253  -0.43698291
 75.16229649  -0.34147836
 75.19397044  -0.25714022
 75.22564440  -0.18430684
 75.25731836  -0.12327039
 75.28899231  -0.07427572
 75.32066627  -0.03751939
 75.35234022  -0.01314885
 75.38401418  -0.00126185
 75.41568813  -0.00190610
 75.44736209  -0.01507900
 75.47903604  -0.04072771
 75.51071000  -0.07874933
 75.54238396  -0.12899134
 75.57405791  -0.19125219
 75.60573187  -0.26528211
 75.63740582  -0.35078412
 75.66907978  -0.44741522
 75.70075373  -0.55478776
 75.73242769  -0.67247100
 75.76410164  -0.79999285
 75.79577560  -0.93684174
 75.82744955  -1.08246867
 75.85912351  -1.23628946
 75.89079747  -1.39768703
 75.92247142  -1.56601391
 75.95414538  -1.74059485
 75.98581933  -1.92072949
 76.01749329  -2.10569520
 76.04916724  -2.29474997
 76.08084120  -2.48713539
 76.11251515  -2.68207967
 76.14418911  -2.87880078
 76.17586307  -3.07650955
 76.20753702  -3.27441284
 76.23921098  -3.47171674
 76.27088493  -3.66762975
 76.30255889  -3.86136594
 76.33423284  -4.05214811
 76.36590680  -4.23921092
 76.39758075  -4.42180394
 76.42925471  -4.59919468
 76.46092867  -4.77067152
 76.49260262  -4.93554656
 76.52427658  -5.09315838
 76.55595053  -5.24287470
 76.58762449  -5.38409492
 76.61929844  -5.51625253
 76.65097240  -5.63881734
 76.68264635  -5.75129769
 76.71432031  -5.85324233
 76.74599427  -5.94424232
 76.77766822  -6.02393259
 76.80934218  -6.09199345
 76.84101613  -6.14815188
 76.87269009  -6.19218258
 76.90436404  -6.22390892
 76.93603800  -6.24320363
 76.96771195  -6.24998931
 76.99938591  -6.24423872
 77.03105987  -6.22597495
 77.06273382  -6.19527126
 77.09440778  -6.15225082
 77.12608173  -6.09708621
 77.15775569  -6.02999873
 77.18942964  -5.95125751
 77.22110360  -5.86117844
 77.25277755  -5.76012286
 77.28445151  -5.64849619
 77.31612547  -5.52674621
 77.34779942  -5.39536135
 77.37947338  -5.25486868
 77.41114733  -5.10583179
 77.44282129  -4.94884856
 77.47449524  -4.78454875
 77.50616920  -4.61359148
 77.53784315  -4.43666254
 77.56951711  -4.25447171
 77.60119107  -4.06774988
 77.63286502  -3.87724610
 77.66453898  -3.68372460
 77.69621293  -3.48796171
 77.72788689  -3.29074275
 77.75956084  -3.09285890
 77.79123480  -2.89510399
 77.82290875  -2.69827133
 77.85458271  -2.50315054
 77.88625666  -2.31052438
 77.91793062  -2.12116557
 77.94960458  -1.93583377
 77.98127853  -1.75527244
 78.01295249  -1.58020594
 78.04462644  -1.41133655
 78.07630040  -1.24934173
 78.10797435  -1.09487132
 78.13964831  -0.94854502
 78.17132226  -0.81094981
 78.20299622  -0.68263769
 78.23467018  -0.56412338
 78.26634413  -0.45588233
 78.29801809  -0.35834876
 78.32969204  -0.27191392
 78.36136600  -0.19692457
 78.39303995  -0.13368154
 78.42471391  -0.08243853
 78.45638786  -0.04340111
 78.48806182  -0.01672587
 78.51973578  -0.00251984
 78.55140973  -0.00084000
 78.58308369  -0.01169310
 78.61475764  -0.03503558
 78.64643160  -0.07077381
 78.67810555  -0.11876443
 78.70977951  -0.17881491
 78.74145346  -0.25068436
 78.77312742  -0.33408445
 78.80480138  -0.42868062
 78.83647533  -0.53409340
 78.86814929  -0.64989989
 78.89982324  -0.77563554
 78.93149720  -0.91079594
 78.96317115  -1.05483887
 78.99484511  -1.20718649
 79.02651906  -1.36722765
 79.05819302  -1.53432031
 79.08986698  -1.70779417
 79.12154093  -1.88695331
 79.15321489  -2.07107903
