  0.00000000   0.00000000
  0.03167396   0.00596854
  0.06334791   0.02385021
  0.09502187   0.05357328
  0.12669582   0.09501852
  0.15836978   0.14801965
  0.19004373   0.21236406
  0.22171769   0.28779363
  0.25339164   0.37400576
  0.28506560   0.47065460
  0.31673956   0.57735243
  0.34841351   0.69367122
  0.38008747   0.81914434
  0.41176142   0.95326845
  0.44343538   1.09550549
  0.47510933   1.24528486
  0.50678329   1.40200571
  0.53845724   1.56503932
  0.57013120   1.73373167
  0.60180516   1.90740604
  0.63347911   2.08536570
  0.66515307   2.26689675
  0.69682702   2.45127096
  0.72850098   2.63774869
  0.76017493   2.82558186
  0.79184889   3.01401696
  0.82352284   3.20229806
  0.85519680   3.38966985
  0.88687076   3.57538066
  0.91854471   3.75868549
  0.95021867   3.93884900
  0.98189262   4.11514844
  1.01356658   4.28687655
  1.04524053   4.45334444
  1.07691449   4.61388430
  1.10858844   4.76785211
  1.14026240   4.91463020
  1.17193635   5.05362976
  1.20361031   5.18429318
  1.23528427   5.30609628
  1.26695822   5.41855043
  1.29863218   5.52120452
  1.33030613   5.61364674
  1.36198009   5.69550623
  1.39365404   5.76645462
  1.42532800   5.82620729
  1.45700195   5.87452452
  1.48867591   5.91121250
  1.52034987   5.93612404
  1.55202382   5.94915921
  1.58369778   5.95026571
  1.61537173   5.93943911
  1.64704569   5.91672283
  1.67871964   5.88220802
  1.71039360   5.83603312
  1.74206755   5.77838337
  1.77374151   5.70949005
  1.80541547   5.62962952
  1.83708942   5.53912216
  1.86876338   5.43833104
  1.90043733   5.32766050
  1.93211129   5.20755452
  1.96378524   5.07849490
  1.99545920   4.94099939
  2.02713315   4.79561956
  2.05880711   4.64293863
  2.09048107   4.48356909
  2.12215502   4.31815026
  2.15382898   4.14734575
  2.18550293   3.97184077
  2.21717689   3.79233936
  2.24885084   3.60956161
  2.28052480   3.42424077
  2.31219875   3.23712027
  2.34387271   3.04895076
  2.37554667   2.86048711
  2.40722062   2.67248536
  2.43889458   2.48569971
  2.47056853   2.30087945
  2.50224249   2.11876603
  2.53391644   1.94009002
  2.56559040   1.76556818
  2.59726435   1.59590064
  2.62893831   1.43176804
  2.66061227   1.27382880
  2.69228622   1.12271654
  2.72396018   0.97903744
  2.75563413   0.84336791
  2.78730809   0.71625217
  2.81898204   0.59820019
  2.85065600   0.48968554
  2.88232995   0.39114353
  2.91400391   0.30296948
  2.94567786   0.22551712
  2.97735182   0.15909714
  3.00902578   0.10397600
  3.04069973   0.06037483
  3.07237369   0.02846854
  3.10404764   0.00838512
  3.13572160   0.00020513
  3.16739555   0.00396141
  3.19906951   0.01963886
  3.23074346   0.04717462
  3.26241742   0.08645820
  3.29409138   0.13733202
  3.32576533   0.19959200
  3.35743929   0.27298837
  3.38911324   0.35722669
  3.42078720   0.45196903
  3.45246115   0.55683533
  3.48413511   0.67140489
  3.51580906   0.79521811
  3.54748302   0.92777830
  3.57915698   1.06855367
  3.61083093   1.21697950
  3.64250489   1.37246034
  3.67417884   1.53437249
  3.70585280   1.70206639
  3.73752675   1.87486934
  3.76920071   2.05208811
  3.80087466   2.23301177
  3.83254862   2.41691451
  3.86422258   2.60305861
  3.89589653   2.79069730
  3.92757049   2.97907787
  3.95924444   3.16744460
  3.99091840   3.35504184
  4.02259235   3.54111701
  4.05426631   3.72492366
  4.08594026   3.90572443
  4.11761422   4.08279400
  4.14928818   4.25542205
  4.18096213   4.42291606
  4.21263609   4.58460411
  4.24431004   4.73983756
  4.27598400   4.88799368
  4.30765795   5.02847812
  4.33933191   5.16072732
  4.37100586   5.28421074
  4.40267982   5.39843301
  4.43435378   5.50293592
  4.46602773   5.59730024
  4.49770169   5.68114741
  4.52937564   5.75414109
  4.56104960   5.81598843
  4.59272355   5.86644135
  4.62439751   5.90529742
  4.65607146   5.93240079
  4.68774542   5.94764273
  4.71941937   5.95096208
  4.75109333   5.94234553
  4.78276729   5.92182766
  4.81444124   5.88949076
  4.84611520   5.84546456
  4.87778915   5.78992569
  4.90946311   5.72309693
  4.94113706   5.64524638
  4.97281102   5.55668635
  5.00448497   5.45777210
  5.03615893   5.34890044
  5.06783289   5.23050813
  5.09950684   5.10307010
  5.13118080   4.96709760
  5.16285475   4.82313608
  5.19452871   4.67176307
  5.22620266   4.51358582
  5.25787662   4.34923887
  5.28955057   4.17938152
  5.32122453   4.00469518
  5.35289849   3.82588062
  5.38457244   3.64365516
  5.41624640   3.45874984
  5.44792035   3.27190643
  5.47959431   3.08387445
  5.51126826   2.89540824
  5.54294222   2.70726383
  5.57461617   2.52019600
  5.60629013   2.33495519
  5.63796409   2.15228451
  5.66963804   1.97291677
  5.70131200   1.79757152
  5.73298595   1.62695219
  5.76465991   1.46174322
  5.79633386   1.30260738
  5.82800782   1.15018306
  5.85968177   1.00508172
  5.89135573   0.86788545
  5.92302969   0.73914464
  5.95470364   0.61937575
  5.98637760   0.50905923
  6.01805155   0.40863764
  6.04972551   0.31851383
  6.08139946   0.23904934
  6.11307342   0.17056296
  6.14474737   0.11332942
  6.17642133   0.06757832
  6.20809529   0.03349320
  6.23976924   0.01121080
  6.27144320   0.00082050
  6.30311715   0.00236399
  6.33479111   0.01583507
  6.36646506   0.04117971
  6.39813902   0.07829623
  6.42981297   0.12703572
  6.46148693   0.18720268
  6.49316089   0.25855573
  6.52483484   0.34080863
  6.55650880   0.43363142
  6.58818275   0.53665172
  6.61985671   0.64945625
  6.65153066   0.77159250
  6.68320462   0.90257049
  6.71487857   1.04186479
  6.74655253   1.18891660
  6.77822648   1.34313602
  6.80990044   1.50390437
  6.84157440   1.67057671
  6.87324835   1.84248441
  6.90492231   2.01893785
  6.93659626   2.19922917
  6.96827022   2.38263510
  6.99994417   2.56841989
  7.03161813   2.75583824
  7.06329208   2.94413831
  7.09496604   3.13256470
  7.12664000   3.32036152
  7.15831395   3.50677540
  7.18998791   3.69105853
  7.22166186   3.87247162
  7.25333582   4.05028692
  7.28500977   4.22379110
  7.31668373   4.39228813
  7.34835768   4.55510207
  7.38003164   4.71157976
  7.41170560   4.86109348
  7.44337955   5.00304344
  7.47505351   5.13686019
  7.50672746   5.26200690
  7.53840142   5.37798154
  7.57007537   5.48431886
  7.60174933   5.58059227
  7.63342328   5.66641557
  7.66509724   5.74144446
  7.69677120   5.80537796
  7.72844515   5.85795959
  7.76011911   5.89897842
  7.79179306   5.92826988
  7.82346702   5.94571648
  7.85514097   5.95124823
  7.88681493   5.94484293
  7.91848888   5.92652628
  7.95016284   5.89637175
  7.98183680   5.85450033
  8.01351075   5.80107998
  8.04518471   5.73632500
  8.07685866   5.66049516
  8.10853262   5.57389467
  8.14020657   5.47687093
  8.17188053   5.36981316
  8.20355448   5.25315085
  8.23522844   5.12735198
  8.26690240   4.99292123
  8.29857635   4.85039787
  8.33025031   4.70035366
  8.36192426   4.54339050
  8.39359822   4.38013809
  8.42527217   4.21125132
  8.45694613   4.03740771
  8.48862008   3.85930465
  8.52029404   3.67765661
  8.55196799   3.49319230
  8.58364195   3.30665173
  8.61531591   3.11878322
  8.64698986   2.93034042
  8.67866382   2.74207930
  8.71033777   2.55475509
  8.74201173   2.36911926
  8.77368568   2.18591651
  8.80535964   2.00588178
  8.83703359   1.82973729
  8.86870755   1.65818969
  8.90038151   1.49192714
  8.93205546   1.33161663
  8.96372942   1.17790126
  8.99540337   1.03139768
  9.02707733   0.89269361
  9.05875128   0.76234547
  9.09042524   0.64087617
  9.12209919   0.52877300
  9.15377315   0.42648567
  9.18544711   0.33442453
  9.21712106   0.25295888
  9.24879502   0.18241553
  9.28046897   0.12307748
  9.31214293   0.07518276
  9.34381688   0.03892352
  9.37549084   0.01444521
  9.40716479   0.00184603
  9.43883875   0.00117652
  9.47051271   0.01243937
  9.50218666   0.03558939
  9.53386062   0.07053372
  9.56553457   0.11713218
  9.59720853   0.17519782
  9.62888248   0.24449771
  9.66055644   0.32475385
  9.69223039   0.41564428
  9.72390435   0.51680438
  9.75557831   0.62782834
  9.78725226   0.74827077
  9.81892622   0.87764850
  9.85060017   1.01544252
  9.88227413   1.16110005
  9.91394808   1.31403677
  9.94562204   1.47363916
  9.97729599   1.63926695
 10.00896995   1.81025571
 10.04064391   1.98591950
 10.07231786   2.16555362
 10.10399182   2.34843744
 10.13566577   2.53383731
 10.16733973   2.72100948
 10.19901368   2.90920308
 10.23068764   3.09766315
 10.26236159   3.28563367
 10.29403555   3.47236056
 10.32570950   3.65709475
 10.35738346   3.83909516
 10.38905742   4.01763167
 10.42073137   4.19198806
 10.45240533   4.36146488
 10.48407928   4.52538226
 10.51575324   4.68308262
 10.54742719   4.83393333
 10.57910115   4.97732923
 10.61077510   5.11269507
 10.64244906   5.23948782
 10.67412302   5.35719884
 10.70579697   5.46535591
 10.73747093   5.56352515
 10.76914488   5.65131273
 10.80081884   5.72836650
 10.83249279   5.79437734
 10.86416675   5.84908044
 10.89584070   5.89225635
 10.92751466   5.92373187
 10.95918862   5.94338073
 10.99086257   5.95112411
 11.02253653   5.94693093
 11.05421048   5.93081804
 11.08588444   5.90285005
 11.11755839   5.86313917
 11.14923235   5.81184471
 11.18090630   5.74917244
 11.21258026   5.67537377
 11.24425422   5.59074476
 11.27592817   5.49562490
 11.30760213   5.39039579
 11.33927608   5.27547955
 11.37095004   5.15133719
 11.40262399   5.01846673
 11.43429795   4.87740118
 11.46597190   4.72870645
 11.49764586   4.57297903
 11.52931982   4.41084367
 11.56099377   4.24295076
 11.59266773   4.06997385
 11.62434168   3.89260684
 11.65601564   3.71156126
 11.68768959   3.52756340
 11.71936355   3.34135139
 11.75103750   3.15367224
 11.78271146   2.96527885
 11.81438542   2.77692697
 11.84605937   2.58937220
 11.87773333   2.40336695
 11.90940728   2.21965738
 11.94108124   2.03898048
 11.97275519   1.86206105
 12.00442915   1.68960883
 12.03610310   1.52231562
 12.06777706   1.36085254
 12.09945102   1.20586732
 12.13112497   1.05798171
 12.16279893   0.91778895
 12.19447288   0.78585145
 12.22614684   0.66269850
 12.25782079   0.54882413
 12.28949475   0.44468517
 12.32116870   0.35069938
 12.35284266   0.26724380
 12.38451661   0.19465321
 12.41619057   0.13321883
 12.44786453   0.08318710
 12.47953848   0.04475874
 12.51121244   0.01808789
 12.54288639   0.00328157
 12.57456035   0.00039915
 12.60623430   0.00945221
 12.63790826   0.03040444
 12.66958221   0.06317176
 12.70125617   0.10762275
 12.73293013   0.16357907
 12.76460408   0.23081625
 12.79627804   0.30906456
 12.82795199   0.39801010
 12.85962595   0.49729606
 12.89129990   0.60652413
 12.92297386   0.72525614
 12.95464781   0.85301578
 12.98632177   0.98929052
 13.01799573   1.13353368
 13.04966968   1.28516662
 13.08134364   1.44358105
 13.11301759   1.60814145
 13.14469155   1.77818769
 13.17636550   1.95303760
 13.20803946   2.13198976
 13.23971341   2.31432626
 13.27138737   2.49931565
 13.30306133   2.68621583
 13.33473528   2.87427702
 13.36640924   3.06274478
 13.39808319   3.25086307
 13.42975715   3.43787723
 13.46143110   3.62303701
 13.49310506   3.80559964
 13.52477901   3.98483275
 13.55645297   4.16001731
 13.58812693   4.33045056
 13.61980088   4.49544878
 13.65147484   4.65435006
 13.68314879   4.80651696
 13.71482275   4.95133903
 13.74649670   5.08823531
 13.77817066   5.21665662
 13.80984461   5.33608778
 13.84151857   5.44604969
 13.87319253   5.54610121
 13.90486648   5.63584099
 13.93654044   5.71490901
 13.96821439   5.78298808
 13.99988835   5.83980511
 14.03156230   5.88513216
 14.06323626   5.91878739
 14.09491021   5.94063580
 14.12658417   5.95058974
 14.15825812   5.94860927
 14.18993208   5.93470235
 14.22160604   5.90892475
 14.25327999   5.87137990
 14.28495395   5.82221840
 14.31662790   5.76163747
 14.34830186   5.68988015
 14.37997581   5.60723428
 14.41164977   5.51403143
 14.44332372   5.41064547
 14.47499768   5.29749116
 14.50667164   5.17502243
 14.53834559   5.04373057
 14.57001955   4.90414228
 14.60169350   4.75681753
 14.63336746   4.60234733
 14.66504141   4.44135136
 14.69671537   4.27447547
 14.72838932   4.10238910
 14.76006328   3.92578260
 14.79173724   3.74536445
 14.82341119   3.56185841
 14.85508515   3.37600063
 14.88675910   3.18853672
 14.91843306   3.00021870
 14.95010701   2.81180203
 14.98178097   2.62404257
 15.01345492   2.43769354
 15.04512888   2.25350249
 15.07680284   2.07220833
 15.10847679   1.89453835
 15.14015075   1.72120528
 15.17182470   1.55290448
 15.20349866   1.39031110
 15.23517261   1.23407740
 15.26684657   1.08483013
 15.29852052   0.94316802
 15.33019448   0.80965935
 15.36186844   0.68483973
 15.39354239   0.56920986
 15.42521635   0.46323363
 15.45689030   0.36733615
 15.48856426   0.28190214
 15.52023821   0.20727432
 15.55191217   0.14375208
 15.58358612   0.09159024
 15.61526008   0.05099805
 15.64693404   0.02213835
 15.67860799   0.00512692
 15.71028195   0.00003200
 15.74195590   0.00687402
 15.77362986   0.02562555
 15.80530381   0.05621136
 15.83697777   0.09850875
 15.86865172   0.15234803
 15.90032568   0.21751323
 15.93199963   0.29374293
 15.96367359   0.38073132
 15.99534755   0.47812944
 16.02702150   0.58554657
 16.05869546   0.70255178
 16.09036941   0.82867571
 16.12204337   0.96341238
 16.15371732   1.10622129
 16.18539128   1.25652954
 16.21706523   1.41373416
 16.24873919   1.57720450
 16.28041315   1.74628477
 16.31208710   1.92029670
 16.34376106   2.09854221
 16.37543501   2.28030625
 16.40710897   2.46485966
 16.43878292   2.65146208
 16.47045688   2.83936492
 16.50213083   3.02781440
 16.53380479   3.21605453
 16.56547875   3.40333016
 16.59715270   3.58889002
 16.62882666   3.77198970
 16.66050061   3.95189468
 16.69217457   4.12788326
 16.72384852   4.29924944
 16.75552248   4.46530575
 16.78719643   4.62538605
 16.81887039   4.77884815
 16.85054435   4.92507643
 16.88221830   5.06348427
 16.91389226   5.19351643
 16.94556621   5.31465128
 16.97724017   5.42640286
 17.00891412   5.52832287
 17.04058808   5.62000246
 17.07226203   5.70107383
 17.10393599   5.77121176
 17.13560995   5.83013487
 17.16728390   5.87760681
 17.19895786   5.91343712
 17.23063181   5.93748207
 17.26230577   5.94964520
 17.29397972   5.94987771
 17.32565368   5.93817867
 17.35732763   5.91459502
 17.38900159   5.87922137
 17.42067555   5.83219961
 17.45234950   5.77371839
 17.48402346   5.70401230
 17.51569741   5.62336098
 17.54737137   5.53208797
 17.57904532   5.43055943
 17.61071928   5.31918264
 17.64239323   5.19840442
 17.67406719   5.06870927
 17.70574115   4.93061748
 17.73741510   4.78468303
 17.76908906   4.63149134
 17.80076301   4.47165696
 17.83243697   4.30582109
 17.86411092   4.13464900
 17.89578488   3.95882736
 17.92745883   3.77906150
 17.95913279   3.59607258
 17.99080674   3.41059467
 18.02248070   3.22337185
 18.05415466   3.03515517
 18.08582861   2.84669969
 18.11750257   2.65876142
 18.14917652   2.47209430
 18.18085048   2.28744716
 18.21252443   2.10556074
 18.24419839   1.92716470
 18.27587234   1.75297469
 18.30754630   1.58368950
 18.33922026   1.41998822
 18.37089421   1.26252758
 18.40256817   1.11193924
 18.43424212   0.96882731
 18.46591608   0.83376589
 18.49759003   0.70729680
 18.52926399   0.58992738
 18.56093794   0.48212848
 18.59261190   0.38433254
 18.62428586   0.29693188
 18.65595981   0.22027713
 18.68763377   0.15467578
 18.71930772   0.10039101
 18.75098168   0.05764059
 18.78265563   0.02659602
 18.81432959   0.00738183
 18.84600354   0.00007510
 18.87767750   0.00470515
 18.90935146   0.02125340
 18.94102541   0.04965347
 18.97269937   0.08979143
 19.00437332   0.14150625
 19.03604728   0.20459049
 19.06772123   0.27879106
 19.09939519   0.36381030
 19.13106914   0.45930716
 19.16274310   0.56489853
 19.19441706   0.68016082
 19.22609101   0.80463165
 19.25776497   0.93781168
 19.28943892   1.07916665
 19.32111288   1.22812949
 19.35278683   1.38410262
 19.38446079   1.54646035
 19.41613474   1.71455134
 19.44780870   1.88770130
 19.47948266   2.06521559
 19.51115661   2.24638212
 19.54283057   2.43047410
 19.57450452   2.61675302
 19.60617848   2.80447162
 19.63785243   2.99287683
 19.66952639   3.18121284
 19.70120034   3.36872413
 19.73287430   3.55465846
 19.76454825   3.73826995
 19.79622221   3.91882202
 19.82789617   4.09559035
 19.85957012   4.26786582
 19.89124408   4.43495733
 19.92291803   4.59619458
 19.95459199   4.75093073
 19.98626594   4.89854505
 20.01793990   5.03844537
 20.04961385   5.17007045
 20.08128781   5.29289228
 20.11296177   5.40641813
 20.14463572   5.51019258
 20.17630968   5.60379934
 20.20798363   5.68686288
 20.23965759   5.75904999
 20.27133154   5.82007108
 20.30300550   5.86968135
 20.33467945   5.90768180
 20.36635341   5.93391997
 20.39802737   5.94829061
 20.42970132   5.95073607
 20.46137528   5.94124654
 20.49304923   5.91986009
 20.52472319   5.88666250
 20.55639714   5.84178697
 20.58807110   5.78541351
 20.61974505   5.71776827
 20.65141901   5.63912261
 20.68309297   5.54979204
 20.71476692   5.45013491
 20.74644088   5.34055101
 20.77811483   5.22147994
 20.80978879   5.09339938
 20.84146274   4.95682314
 20.87313670   4.81229910
 20.90481065   4.66040704
 20.93648461   4.50175630
 20.96815857   4.33698332
 20.99983252   4.16674910
 21.03150648   3.99173656
 21.06318043   3.81264779
 21.09485439   3.63020121
 21.12652834   3.44512874
 21.15820230   3.25817281
 21.18987625   3.07008342
 21.22155021   2.88161511
 21.25322417   2.69352395
 21.28489812   2.50656448
 21.31657208   2.32148671
 21.34824603   2.13903311
 21.37991999   1.95993561
 21.41159394   1.78491267
 21.44326790   1.61466643
 21.47494185   1.44987984
 21.50661581   1.29121397
 21.53828976   1.13930532
 21.56996372   0.99476329
 21.60163768   0.85816773
 21.63331163   0.73006661
 21.66498559   0.61097383
 21.69665954   0.50136712
 21.72833350   0.40168620
 21.76000745   0.31233095
 21.79168141   0.23365982
 21.82335536   0.16598842
 21.85502932   0.10958821
 21.88670328   0.06468546
 21.91837723   0.03146029
 21.95005119   0.01004599
 21.98172514   0.00052846
 22.01339910   0.00294590
 22.04507305   0.01728859
 22.07674701   0.04349901
 22.10842096   0.08147200
 22.14009492   0.13105523
 22.17176888   0.19204980
 22.20344283   0.26421102
 22.23511679   0.34724940
 22.26679074   0.44083182
 22.29846470   0.54458288
 22.33013865   0.65808636
 22.36181261   0.78088692
 22.39348656   0.91249194
 22.42516052   1.05237348
 22.45683448   1.19997037
 22.48850843   1.35469052
 22.52018239   1.51591325
 22.55185634   1.68299179
 22.58353030   1.85525590
 22.61520425   2.03201450
 22.64687821   2.21255853
 22.67855216   2.39616369
 22.71022612   2.58209345
 22.74190008   2.76960191
 22.77357403   2.95793687
 22.80524799   3.14634280
 22.83692194   3.33406390
 22.86859590   3.52034708
 22.90026985   3.70444506
 22.93194381   3.88561931
 22.96361776   4.06314302
 22.99529172   4.23630404
 23.02696568   4.40440771
 23.05863963   4.56677967
 23.09031359   4.72276853
 23.12198754   4.87174855
 23.15366150   5.01312205
 23.18533545   5.14632191
 23.21700941   5.27081378
 23.24868336   5.38609825
 23.28035732   5.49171283
 23.31203128   5.58723385
 23.34370523   5.67227811
 23.37537919   5.74650445
 23.40705314   5.80961510
 23.43872710   5.86135687
 23.47040105   5.90152221
 23.50207501   5.92994999
 23.53374896   5.94652616
 23.56542292   5.95118423
 23.59709687   5.94390552
 23.62877083   5.92471921
 23.66044479   5.89370228
 23.69211874   5.85097916
 23.72379270   5.79672123
 23.75546665   5.73114616
 23.78714061   5.65451702
 23.81881456   5.56714119
 23.85048852   5.46936921
 23.88216247   5.36159330
 23.91383643   5.24424582
 23.94551039   5.11779751
 23.97718434   4.98275564
 24.00885830   4.83966194
 24.04053225   4.68909046
 24.07220621   4.53164522
 24.10388016   4.36795785
 24.13555412   4.19868497
 24.16722807   4.02450567
 24.19890203   3.84611867
 24.23057599   3.66423959
 24.26224994   3.47959807
 24.29392390   3.29293482
 24.32559785   3.10499866
 24.35727181   2.91654351
 24.38894576   2.72832538
 24.42061972   2.54109934
 24.45229367   2.35561646
 24.48396763   2.17262083
 24.51564159   1.99284655
 24.54731554   1.81701482
 24.57898950   1.64583100
 24.61066345   1.47998182
 24.64233741   1.32013259
 24.67401136   1.16692458
 24.70568532   1.02097239
 24.73735927   0.88286153
 24.76903323   0.75314604
 24.80070719   0.63234630
 24.83238114   0.52094691
 24.86405510   0.41939475
 24.89572905   0.32809722
 24.92740301   0.24742057
 24.95907696   0.17768844
 24.99075092   0.11918057
 25.02242487   0.07213167
 25.05409883   0.03673048
 25.08577279   0.01311903
 25.11744674   0.00139202
 25.14912070   0.00159650
 25.18079465   0.01373166
 25.21246861   0.03774881
 25.24414256   0.07355160
 25.27581652   0.12099641
 25.30749047   0.17989290
 25.33916443   0.25000481
 25.37083838   0.33105088
 25.40251234   0.42270597
 25.43418630   0.52460241
 25.46586025   0.63633142
 25.49753421   0.75744479
 25.52920816   0.88745666
 25.56088212   1.02584548
 25.59255607   1.17205607
 25.62423003   1.32550190
 25.65590398   1.48556740
 25.68757794   1.65161046
 25.71925190   1.82296496
 25.75092585   1.99894351
 25.78259981   2.17884014
 25.81427376   2.36193318
 25.84594772   2.54748813
 25.87762167   2.73476061
 25.90929563   2.92299936
 25.94096958   3.11144923
 25.97264354   3.29935424
 26.00431750   3.48596059
 26.03599145   3.67051968
 26.06766541   3.85229113
 26.09933936   4.03054575
 26.13101332   4.20456844
 26.16268727   4.37366109
 26.19436123   4.53714538
 26.22603518   4.69436545
 26.25770914   4.84469061
 26.28938310   4.98751781
 26.32105705   5.12227408
 26.35273101   5.24841883
 26.38440496   5.36544602
 26.41607892   5.47288618
 26.44775287   5.57030829
 26.47942683   5.65732155
 26.51110078   5.73357688
 26.54277474   5.79876838
 26.57444870   5.85263452
 26.60612265   5.89495922
 26.63779661   5.92557269
 26.66947056   5.94435211
 26.70114452   5.95122214
 26.73281847   5.94615524
 26.76449243   5.92917172
 26.79616638   5.90033972
 26.82784034   5.85977491
 26.85951430   5.80764000
 26.89118825   5.74414414
 26.92286221   5.66954207
 26.95453616   5.58413304
 26.98621012   5.48825970
 27.01788407   5.38230664
 27.04955803   5.26669891
 27.08123198   5.14190028
 27.11290594   5.00841141
 27.14457989   4.86676778
 27.17625385   4.71753763
 27.20792781   4.56131961
 27.23960176   4.39874040
 27.27127572   4.23045222
 27.30294967   4.05713016
 27.33462363   3.87946953
 27.36629758   3.69818303
 27.39797154   3.51399792
 27.42964549   3.32765308
 27.46131945   3.13989605
 27.49299341   2.95148004
 27.52466736   2.76316091
 27.55634132   2.57569410
 27.58801527   2.38983169
 27.61968923   2.20631926
 27.65136318   2.02589300
 27.68303714   1.84927672
 27.71471109   1.67717892
 27.74638505   1.51029001
 27.77805901   1.34927947
 27.80973296   1.19479321
 27.84140692   1.04745098
 27.87308087   0.90784386
 27.90475483   0.77653189
 27.93642878   0.65404186
 27.96810274   0.54086513
 27.99977669   0.43745574
 28.03145065   0.34422852
 28.06312461   0.26155747
 28.09479856   0.18977423
 28.12647252   0.12916676
 28.15814647   0.07997821
 28.18982043   0.04240588
 28.22149438   0.01660052
 28.25316834   0.00266565
 28.28484229   0.00065715
 28.31651625   0.01058310
 28.34819021   0.03240367
 28.37986416   0.06603133
 28.41153812   0.11133117
 28.44321207   0.16812147
 28.47488603   0.23617441
 28.50655998   0.31521698
 28.53823394   0.40493211
 28.56990789   0.50495988
 28.60158185   0.61489902
 28.63325581   0.73430850
 28.66492976   0.86270929
 28.69660372   0.99958630
 28.72827767   1.14439044
 28.75995163   1.29654079
 28.79162558   1.45542700
 28.82329954   1.62041168
 28.85497349   1.79083296
 28.88664745   1.96600718
 28.91832141   2.14523162
 28.94999536   2.32778729
 28.98166932   2.51294184
 29.01334327   2.69995252
 29.04501723   2.88806910
 29.07669118   3.07653693
 29.10836514   3.26459996
 29.14003909   3.45150374
 29.17171305   3.63649849
 29.20338700   3.81884208
 29.23506096   3.99780303
 29.26673492   4.17266340
 29.29840887   4.34272172
 29.33008283   4.50729579
 29.36175678   4.66572540
 29.39343074   4.81737498
 29.42510469   4.96163618
 29.45677865   5.09793029
 29.48845260   5.22571053
 29.52012656   5.34446430
 29.55180052   5.45371521
 29.58347447   5.55302499
 29.61514843   5.64199524
 29.64682238   5.72026906
 29.67849634   5.78753242
 29.71017029   5.84351551
 29.74184425   5.88799373
 29.77351820   5.92078866
 29.80519216   5.94176873
 29.83686612   5.95084979
 29.86854007   5.94799540
 29.90021403   5.93321702
 29.93188798   5.90657392
 29.96356194   5.86817300
 29.99523589   5.81816829
 30.02690985   5.75676041
 30.05858380   5.68419569
 30.09025776   5.60076524
 30.12193172   5.50680374
 30.15360567   5.40268815
 30.18527963   5.28883611
 30.21695358   5.16570438
 30.24862754   5.03378690
 30.28030149   4.89361288
 30.31197545   4.74574464
 30.34364940   4.59077537
 30.37532336   4.42932675
 30.40699732   4.26204645
 30.43867127   4.08960554
 30.47034523   3.91269577
 30.50201918   3.73202685
 30.53369314   3.54832355
 30.56536709   3.36232281
 30.59704105   3.17477080
 30.62871500   2.98641991
 30.66038896   2.79802572
 30.69206292   2.61034401
 30.72373687   2.42412768
 30.75541083   2.24012376
 30.78708478   2.05907039
 30.81875874   1.88169391
 30.85043269   1.70870587
 30.88210665   1.54080023
 30.91378060   1.37865057
 30.94545456   1.22290738
 30.97712851   1.07419542
 31.00880247   0.93311129
 31.04047643   0.80022095
 31.07215038   0.67605750
 31.10382434   0.56111905
 31.13549829   0.45586668
 31.16717225   0.36072263
 31.19884620   0.27606858
 31.23052016   0.20224412
 31.26219411   0.13954541
 31.29386807   0.08822398
 31.32554203   0.04848570
 31.35721598   0.02049000
 31.38888994   0.00434918
 31.42056389   0.00012798
 31.45223785   0.00784335
 31.48391180   0.02746433
 31.51558576   0.05891222
 31.54725971   0.10206085
 31.57893367   0.15673712
 31.61060763   0.22272171
 31.64228158   0.29974989
 31.67395554   0.38751268
 31.70562949   0.48565799
 31.73730345   0.59379210
 31.76897740   0.71148123
 31.80065136   0.83825324
 31.83232531   0.97359958
 31.86399927   1.11697729
 31.89567323   1.26781119
 31.92734718   1.42549620
 31.95902114   1.58939975
 31.99069509   1.75886431
 32.02236905   1.93321005
 32.05404300   2.11173758
 32.08571696   2.29373071
 32.11739091   2.47845935
 32.14906487   2.66518243
 32.18073883   2.85315091
 32.21241278   3.04161072
 32.24408674   3.22980583
 32.27576069   3.41698128
 32.30743465   3.60238618
 32.33910860   3.78527678
 32.37078256   3.96491938
 32.40245651   4.14059331
 32.43413047   4.31159386
 32.46580443   4.47723502
 32.49747838   4.63685232
 32.52915234   4.78980542
 32.56082629   4.93548074
 32.59250025   5.07329388
 32.62417420   5.20269199
 32.65584816   5.32315597
 32.68752211   5.43420258
 32.71919607   5.53538633
 32.75087002   5.62630131
 32.78254398   5.70658281
 32.81421794   5.77590877
 32.84589189   5.83400108
 32.87756585   5.88062669
 32.90923980   5.91559856
 32.94091376   5.93877640
 32.97258771   5.95006723
 33.00426167   5.94942575
 33.03593562   5.93685453
 33.06760958   5.91240402
 33.09928354   5.87617228
 33.13095749   5.82830468
 33.16263145   5.76899323
 33.19430540   5.69847587
 33.22597936   5.61703550
 33.25765331   5.52499881
 33.28932727   5.42273502
 33.32100122   5.31065439
 33.35267518   5.18920652
 33.38434914   5.05887863
 33.41602309   4.92019353
 33.44769705   4.77370759
 33.47937100   4.62000844
 33.51104496   4.45971267
 33.54271891   4.29346332
 33.57439287   4.12192732
 33.60606682   3.94579281
 33.63774078   3.76576637
 33.66941474   3.58257021
 33.70108869   3.39693922
 33.73276265   3.20961809
 33.76443660   3.02135829
 33.79611056   2.83291503
 33.82778451   2.64504429
 33.85945847   2.45849972
 33.89113242   2.27402967
 33.92280638   2.09237416
 33.95448034   1.91426193
 33.98615429   1.74040749
 34.01782825   1.57150828
 34.04950220   1.40824187
 34.08117616   1.25126320
 34.11285011   1.10120203
 34.14452407   0.95866033
 34.17619802   0.82420993
 34.20787198   0.69839020
 34.23954594   0.58170587
 34.27121989   0.47462504
 34.30289385   0.37757727
 34.33456780   0.29095189
 34.36624176   0.21509639
 34.39791571   0.15031509
 34.42958967   0.09686786
 34.46126362   0.05496911
 34.49293758   0.02478692
 34.52461154   0.00644237
 34.55628549   0.00000906
 34.58795945   0.00551279
 34.61963340   0.02293148
 34.65130736   0.05219525
 34.68298131   0.09318672
 34.71465527   0.14574143
 34.74632922   0.20964856
 34.77800318   0.28465174
 34.80967713   0.37045009
 34.84135109   0.46669941
 34.87302505   0.57301358
 34.90469900   0.68896613
 34.93637296   0.81409188
 34.96804691   0.94788889
 34.99972087   1.08982041
 35.03139482   1.23931706
 35.06306878   1.39577913
 35.09474273   1.55857894
 35.12641669   1.72706342
 35.15809065   1.90055665
 35.18976460   2.07836266
 35.22143856   2.25976815
 35.25311251   2.44404540
 35.28478647   2.63045516
 35.31646042   2.81824961
 35.34813438   3.00667541
 35.37980833   3.19497666
 35.41148229   3.38239796
 35.44315625   3.56818746
 35.47483020   3.75159984
 35.50650416   3.93189932
 35.53817811   4.10836261
 35.56985207   4.28028180
 35.60152602   4.44696722
 35.63319998   4.60775020
 35.66487393   4.76198572
 35.69654789   4.90905507
 35.72822185   5.04836825
 35.75989580   5.17936639
 35.79156976   5.30152398
 35.82324371   5.41435097
 35.85491767   5.51739474
 35.88659162   5.61024192
 35.91826558   5.69252004
 35.94993953   5.76389903
 35.98161349   5.82409255
 36.01328745   5.87285912
 36.04496140   5.91000311
 36.07663536   5.93537552
 36.10830931   5.94887456
 36.13998327   5.95044608
 36.17165722   5.94008377
 36.20333118   5.91782920
 36.23500513   5.88377165
 36.26667909   5.83804774
 36.29835305   5.78084091
 36.33002700   5.71238064
 36.36170096   5.63294157
 36.39337491   5.54284237
 36.42504887   5.44244450
 36.45672282   5.33215071
 36.48839678   5.21240346
 36.52007073   5.08368312
 36.55174469   4.94650608
 36.58341864   4.80142263
 36.61509260   4.64901479
 36.64676656   4.48989397
 36.67844051   4.32469849
 36.71011447   4.15409106
 36.74178842   3.97875609
 36.77346238   3.79939696
 36.80513633   3.61673318
 36.83681029   3.43149754
 36.86848424   3.24443312
 36.90015820   3.05629036
 36.93183216   2.86782402
 36.96350611   2.67979014
 36.99518007   2.49294305
 37.02685402   2.30803231
 37.05852798   2.12579970
 37.09020193   1.94697628
 37.12187589   1.77227942
 37.15354984   1.60240993
 37.18522380   1.43804927
 37.21689776   1.27985678
 37.24857171   1.12846707
 37.28024567   0.98448746
 37.31191962   0.84849555
 37.34359358   0.72103688
 37.37526753   0.60262276
 37.40694149   0.49372822
 37.43861544   0.39479012
 37.47028940   0.30620534
 37.50196336   0.22832927
 37.53363731   0.16147430
 37.56531127   0.10590864
 37.59698522   0.06185519
 37.62865918   0.02949068
 37.66033313   0.00894494
 37.69200709   0.00030040
 37.72368104   0.00359173
 37.75535500   0.01880572
 37.78702896   0.04588136
 37.81870291   0.08471001
 37.85037687   0.13513591
 37.88205082   0.19695678
 37.91372478   0.26992461
 37.94539873   0.35374669
 37.97707269   0.44808674
 38.00874664   0.55256633
 38.04042060   0.66676630
 38.07209456   0.79022854
 38.10376851   0.92245777
 38.13544247   1.06292353
 38.16711642   1.21106232
 38.19879038   1.36627987
 38.23046433   1.52795352
 38.26213829   1.69543467
 38.29381224   1.86805147
 38.32548620   2.04511145
 38.35716016   2.22590429
 38.38883411   2.40970475
 38.42050807   2.59577547
 38.45218202   2.78337001
 38.48385598   2.97173582
 38.51552993   3.16011724
 38.54720389   3.34775856
 38.57887784   3.53390704
 38.61055180   3.71781592
 38.64222575   3.89874743
 38.67389971   4.07597573
 38.70557367   4.24878986
 38.73724762   4.41649656
 38.76892158   4.57842305
 38.80059553   4.73391974
 38.83226949   4.88236283
 38.86394344   5.02315684
 38.89561740   5.15573695
 38.92729135   5.27957130
 38.95896531   5.39416312
 38.99063927   5.49905270
 39.02231322   5.59381927
 39.05398718   5.67808267
 39.08566113   5.75150485
 39.11733509   5.81379128
 39.14900904   5.86469209
 39.18068300   5.90400309
 39.21235695   5.93156657
 39.24403091   5.94727196
 39.27570487   5.95105625
 39.30737882   5.94290428
 39.33905278   5.92284872
 39.37072673   5.89097005
 39.40240069   5.84739615
 39.43407464   5.79230182
 39.46574860   5.72590807
 39.49742255   5.64848126
 39.52909651   5.56033198
 39.56077047   5.46181387
 39.59244442   5.35332213
 39.62411838   5.23529200
 39.65579233   5.10819697
 39.68746629   4.97254689
 39.71914024   4.82888593
 39.75081420   4.67779042
 39.78248815   4.51986648
 39.81416211   4.35574766
 39.84583607   4.18609232
 39.87751002   4.01158107
 39.90918398   3.83291397
 39.94085793   3.65080777
 39.97253189   3.46599301
 40.00420584   3.27921109
 40.03587980   3.09121131
 40.06755375   2.90274786
 40.09922771   2.71457678
 40.13090167   2.52745293
 40.16257562   2.34212699
 40.19424958   2.15934242
 40.22592353   1.97983247
 40.25759749   1.80431726
 40.28927144   1.63350091
 40.32094540   1.46806866
 40.35261935   1.30868415
 40.38429331   1.15598679
 40.41596726   1.01058913
 40.44764122   0.87307445
 40.47931518   0.74399441
 40.51098913   0.62386682
 40.54266309   0.51317360
 40.57433704   0.41235880
 40.60601100   0.32182685
 40.63768495   0.24194094
 40.66935891   0.17302153
 40.70103286   0.11534509
 40.73270682   0.06914302
 40.76438078   0.03460065
 40.79605473   0.01185655
 40.82772869   0.00100197
 40.85940264   0.00208044
 40.89107660   0.01508764
 40.92275055   0.03997140
 40.95442451   0.07663188
 40.98609846   0.12492203
 41.01777242   0.18464811
 41.04944638   0.25557053
 41.08112033   0.33740478
 41.11279429   0.42982257
 41.14446824   0.53245315
 41.17614220   0.64488481
 41.20781615   0.76666652
 41.23949011   0.89730973
 41.27116406   1.03629036
 41.30283802   1.18305087
 41.33451198   1.33700251
 41.36618593   1.49752769
 41.39785989   1.66398244
 41.42953384   1.83569900
 41.46120780   2.01198853
 41.49288175   2.19214380
 41.52455571   2.37544212
 41.55622966   2.56114815
 41.58790362   2.74851692
 41.61957758   2.93679676
 41.65125153   3.12523239
 41.68292549   3.31306786
 41.71459944   3.49954965
 41.74627340   3.68392967
 41.77794735   3.86546825
 41.80962131   4.04343714
 41.84129526   4.21712239
 41.87296922   4.38582724
 41.90464318   4.54887491
 41.93631713   4.70561132
 41.96799109   4.85540770
 41.99966504   4.99766313
 42.03133900   5.13180693
 42.06301295   5.25730097
 42.09468691   5.37364181
 42.12636086   5.48036275
 42.15803482   5.57703564
 42.18970877   5.66327270
 42.22138273   5.73872795
 42.25305669   5.80309871
 42.28473064   5.85612674
 42.31640460   5.89759931
 42.34807855   5.92735006
 42.37975251   5.94525964
 42.41142646   5.95125619
 42.44310042   5.94531567
 42.47477437   5.92746190
 42.50644833   5.89776650
 42.53812229   5.85634861
 42.56979624   5.80337438
 42.60147020   5.73905631
 42.63314415   5.66365243
 42.66481811   5.57746523
 42.69649206   5.48084045
 42.72816602   5.37416573
 42.75983997   5.25786899
 42.79151393   5.13241679
 42.82318789   4.99831237
 42.85486184   4.85609372
 42.88653580   4.70633136
 42.91820975   4.54962609
 42.94988371   4.38660654
 42.98155766   4.21792669
 43.01323162   4.04426321
 43.04490557   3.86631278
 43.07657953   3.68478926
 43.10825349   3.50042087
 43.13992744   3.31394720
 43.17160140   3.12611633
 43.20327535   2.93768176
 43.23494931   2.74939941
 43.26662326   2.56202461
 43.29829722   2.37630902
 43.32997117   2.19299768
 43.36164513   2.01282594
 43.39331909   1.83651660
 43.42499304   1.66477694
 43.45666700   1.49829591
 43.48834095   1.33774136
 43.52001491   1.18375739
 43.55168886   1.03696172
 43.58336282   0.89794324
 43.61503677   0.76725962
 43.64671073   0.64543514
 43.67838469   0.53295849
 43.71005864   0.43028089
 43.74173260   0.33781425
 43.77340655   0.25592951
 43.80508051   0.18495516
 43.83675446   0.12517591
 43.86842842   0.07683158
 43.90010237   0.04011611
 43.93177633   0.01517679
 43.96345029   0.00211366
 43.99512424   0.00097913
 44.02679820   0.01177775
 44.05847215   0.03446620
 44.09014611   0.06895346
 44.12182006   0.11510119
 44.15349402   0.17272425
 44.18516797   0.24159148
 44.21684193   0.32142662
 44.24851588   0.41190940
 44.28018984   0.51267683
 44.31186380   0.62332467
 44.34353775   0.74340906
 44.37521171   0.87244825
 44.40688566   1.00992459
 44.43855962   1.15528658
 44.47023357   1.30795108
 44.50190753   1.46730565
 44.53358148   1.63271104
 44.56525544   1.80350370
 44.59692940   1.97899847
 44.62860335   2.15849134
 44.66027731   2.34126224
 44.69195126   2.52657798
 44.72362522   2.71369513
 44.75529917   2.90186306
 44.78697313   3.09032691
 44.81864708   3.27833063
 44.85032104   3.46512002
 44.88199500   3.64994576
 44.91366895   3.83206639
 44.94534291   4.01075132
 44.97701686   4.18528374
 45.00869082   4.35496348
 45.04036477   4.51910986
 45.07203873   4.67706438
 45.10371268   4.82819340
 45.13538664   4.97189063
 45.16706060   5.10757962
 45.19873455   5.23471605
 45.23040851   5.35278988
 45.26208246   5.46132745
 45.29375642   5.55989334
 45.32543037   5.64809216
 45.35710433   5.72557008
 45.38877828   5.79201629
 45.42045224   5.84716423
 45.45212620   5.89079267
 45.48380015   5.92272659
 45.51547411   5.94283788
 45.54714806   5.95104586
 45.57882202   5.94731761
 45.61049597   5.93166809
 45.64216993   5.90416006
 45.67384388   5.86490389
 45.70551784   5.81405706
 45.73719180   5.75182354
 45.76886575   5.67845299
 45.80053971   5.59423974
 45.83221366   5.49952163
 45.86388762   5.39467863
 45.89556157   5.28013132
 45.92723553   5.15633923
 45.95890948   5.02379897
 45.99058344   4.88304223
 46.02225739   4.73463368
 46.05393135   4.57916868
 46.08560531   4.41727088
 46.11727926   4.24958977
 46.14895322   4.07679801
 46.18062717   3.89958879
 46.21230113   3.71867298
 46.24397508   3.53477637
 46.27564904   3.34863667
 46.30732299   3.16100060
 46.33899695   2.97262088
 46.37067091   2.78425324
 46.40234486   2.59665331
 46.43401882   2.41057369
 46.46569277   2.22676084
 46.49736673   2.04595217
 46.52904068   1.86887299
 46.56071464   1.69623370
 46.59238859   1.52872684
 46.62406255   1.36702440
 46.65573651   1.21177505
 46.68741046   1.06360161
 46.71908442   0.92309848
 46.75075837   0.79082932
 46.78243233   0.66732473
 46.81410628   0.55308016
 46.84578024   0.44855393
 46.87745419   0.35416535
 46.90912815   0.27029307
 46.94080211   0.19727355
 46.97247606   0.13539973
 47.00415002   0.08491981
 47.03582397   0.04603631
 47.06749793   0.01890520
 47.09917188   0.00363533
 47.13084584   0.00028796
 47.16251979   0.00887650
 47.19419375   0.02936652
 47.22586771   0.06167580
 47.25754166   0.10567474
 47.28921562   0.16118683
 47.32088957   0.22798939
 47.35256353   0.30581441
 47.38423748   0.39434970
 47.41591144   0.49324009
 47.44758539   0.60208886
 47.47925935   0.72045936
 47.51093331   0.84787674
 47.54260726   0.98382983
 47.57428122   1.12777326
 47.60595517   1.27912957
 47.63762913   1.43729158
 47.66930308   1.60162481
 47.70097704   1.77147001
 47.73265099   1.94614583
 47.76432495   2.12495154
 47.79599890   2.30716983
 47.82767286   2.49206972
 47.85934682   2.67890947
 47.89102077   2.86693953
 47.92269473   3.05540562
 47.95436868   3.24355166
 47.98604264   3.43062290
 48.01771659   3.61586887
 48.04939055   3.79854645
 48.08106450   3.97792279
 48.11273846   4.15327831
 48.14441242   4.32390955
 48.17608637   4.48913200
 48.20776033   4.64828286
 48.23943428   4.80072367
 48.27110824   4.94584289
 48.30278219   5.08305837
 48.33445615   5.21181965
 48.36613010   5.33161019
 48.39780406   5.44194943
 48.42947802   5.54239474
 48.46115197   5.63254316
 48.49282593   5.71203307
 48.52449988   5.78054556
 48.55617384   5.83780581
 48.58784779   5.88358409
 48.61952175   5.91769678
 48.65119570   5.94000701
 48.68286966   5.95042530
 48.71454362   5.94890984
 48.74621757   5.93546671
 48.77789153   5.91014985
 48.80956548   5.87306082
 48.84123944   5.82434839
 48.87291339   5.76420800
 48.90458735   5.69288089
 48.93626130   5.61065321
 48.96793526   5.51785482
 48.99960922   5.41485799
 49.03128317   5.30207591
 49.06295713   5.17996102
 49.09463108   5.04900318
 49.12630504   4.90972776
 49.15797899   4.76269348
 49.18965295   4.60849018
 49.22132690   4.44773646
 49.25300086   4.28107721
 49.28467482   4.10918099
 49.31634877   3.93273740
 49.34802273   3.75245425
 49.37969668   3.56905478
 49.41137064   3.38327470
 49.44304459   3.19585931
 49.47471855   3.00756043
 49.50639250   2.81913345
 49.53806646   2.63133426
 49.56974042   2.44491625
 49.60141437   2.26062726
 49.63308833   2.07920657
 49.66476228   1.90138198
 49.69643624   1.72786686
 49.72811019   1.55935727
 49.75978415   1.39652922
 49.79145810   1.24003591
 49.82313206   1.09050512
 49.85480601   0.94853673
 49.88647997   0.81470025
 49.91815393   0.68953258
 49.94982788   0.57353585
 49.98150184   0.46717539
 50.01317579   0.37087788
 50.04484975   0.28502962
 50.07652370   0.20997502
 50.10819766   0.14601515
 50.13987161   0.09340661
 50.17154557   0.05236043
 50.20321953   0.02304127
 50.23489348   0.00556677
 50.26656744   0.00000701
 50.29824139   0.00638429
 50.32991535   0.02467305
 50.36158930   0.05479990
 50.39326326   0.09664399
 50.42493721   0.15003747
 50.45661117   0.21476612
 50.48828513   0.29057030
 50.51995908   0.37714590
 50.55163304   0.47414560
 50.58330699   0.58118030
 50.61498095   0.69782060
 50.64665490   0.82359859
 50.67832886   0.95800970
 50.71000281   1.10051472
 50.74167677   1.25054197
 50.77335073   1.40748961
 50.80502468   1.57072801
 50.83669864   1.73960234
 50.86837259   1.91343512
 50.90004655   2.09152902
 50.93172050   2.27316958
 50.96339446   2.45762814
 50.99506841   2.64416471
 51.02674237   2.83203099
 51.05841633   3.02047332
 51.09009028   3.20873575
 51.12176424   3.39606305
 51.15343819   3.58170372
 51.18511215   3.76491305
 51.21678610   3.94495606
 51.24846006   4.12111051
 51.28013401   4.29266972
 51.31180797   4.45894547
 51.34348193   4.61927072
 51.37515588   4.77300230
 51.40682984   4.91952351
 51.43850379   5.05824656
 51.47017775   5.18861494
 51.50185170   5.31010567
 51.53352566   5.42223137
 51.56519961   5.52454224
 51.59687357   5.61662784
 51.62854752   5.69811877
 51.66022148   5.76868811
 51.69189544   5.82805276
 51.72356939   5.87597458
 51.75524335   5.91226133
 51.78691730   5.93676743
 51.81859126   5.94939458
 51.85026521   5.95009211
 51.88193917   5.93885724
 51.91361312   5.91573504
 51.94528708   5.88081825
 51.97696104   5.83424696
 52.00863499   5.77620798
 52.04030895   5.70693415
 52.07198290   5.62670338
 52.10365686   5.53583750
 52.13533081   5.43470105
 52.16700477   5.32369974
 52.19867872   5.20327887
 52.23035268   5.07392153
 52.26202664   4.93614663
 52.29370059   4.79050689
 52.32537455   4.63758655
 52.35704850   4.47799907
 52.38872246   4.31238465
 52.42039641   4.14140768
 52.45207037   3.96575405
 52.48374432   3.78612842
 52.51541828   3.60325137
 52.54709224   3.41785654
 52.57876619   3.23068765
 52.61044015   3.04249557
 52.64211410   2.85403523
 52.67378806   2.66606269
 52.70546201   2.47933200
 52.73713597   2.29459226
 52.76880992   2.11258457
 52.80048388   1.93403908
 52.83215784   1.75967205
 52.86383179   1.59018297
 52.89550575   1.42625176
 52.92717970   1.26853605
 52.95885366   1.11766854
 52.99052761   0.97425446
 53.02220157   0.83886911
 53.05387552   0.71205562
 53.08554948   0.59432272
 53.11722344   0.48614270
 53.14889739   0.38794953
 53.18057135   0.30013715
 53.21224530   0.22305780
 53.24391926   0.15702071
 53.27559321   0.10229079
 53.30726717   0.05908759
 53.33894112   0.02758444
 53.37061508   0.00790770
 53.40228903   0.00013632
 53.43396299   0.00430147
 53.46563695   0.02038644
 53.49731090   0.04832671
 53.52898486   0.08801019
 53.56065881   0.13927768
 53.59233277   0.20192352
 53.62400672   0.27569639
 53.65568068   0.36030036
 53.68735463   0.45539602
 53.71902859   0.56060188
 53.75070255   0.67549590
 53.78237650   0.79961716
 53.81405046   0.93246775
 53.84572441   1.07351471
 53.87739837   1.22219222
 53.90907232   1.37790384
 53.94074628   1.54002492
 53.97242023   1.70790509
 54.00409419   1.88087087
 54.03576815   2.05822840
 54.06744210   2.23926619
 54.09911606   2.42325797
 54.13079001   2.60946566
 54.16246397   2.79714224
 54.19413792   2.98553485
 54.22581188   3.17388771
 54.25748583   3.36144523
 54.28915979   3.54745500
 54.32083375   3.73117082
 54.35250770   3.91185569
 54.38418166   4.08878478
 54.41585561   4.26124831
 54.44752957   4.42855443
 54.47920352   4.59003196
 54.51087748   4.74503312
 54.54255143   4.89293612
 54.57422539   5.03314760
 54.60589935   5.16510511
 54.63757330   5.28827928
 54.66924726   5.40217598
 54.70092121   5.50633830
 54.73259517   5.60034839
 54.76426912   5.68382910
 54.79594308   5.75644555
 54.82761703   5.81790643
 54.85929099   5.86796518
 54.89096495   5.90642099
 54.92263890   5.93311958
 54.95431286   5.94795385
 54.98598681   5.95086429
 55.01766077   5.94183922
 55.04933472   5.92091486
 55.08100868   5.88817513
 55.11268263   5.84375139
 55.14435659   5.78782183
 55.17603055   5.72061083
 55.20770450   5.64238802
 55.23937846   5.55346719
 55.27105241   5.45420506
 55.30272637   5.34499983
 55.33440032   5.22628959
 55.36607428   5.09855057
 55.39774823   4.96229519
 55.42942219   4.81807006
 55.46109614   4.66645377
 55.49277010   4.50805453
 55.52444406   4.34350779
 55.55611801   4.17347364
 55.58779197   3.99863419
 55.61946592   3.81969084
 55.65113988   3.63736143
 55.68281383   3.45237739
 55.71448779   3.26548083
 55.74616174   3.07742149
 55.77783570   2.88895379
 55.80950966   2.70083379
 55.84118361   2.51381616
 55.87285757   2.32865115
 55.90453152   2.14608156
 55.93620548   1.96683979
 55.96787943   1.79164490
 55.99955339   1.62119968
 56.03122734   1.45618792
 56.06290130   1.29727157
 56.09457526   1.14508813
 56.12624921   1.00024813
 56.15792317   0.86333259
 56.18959712   0.73489076
 56.22127108   0.61543792
 56.25294503   0.50545325
 56.28461899   0.40537797
 56.31629294   0.31561355
 56.34796690   0.23652009
 56.37964086   0.16841488
 56.41131481   0.11157113
 56.44298877   0.06621687
 56.47466272   0.03253406
 56.50633668   0.01065781
 56.53801063   0.00067589
 56.56968459   0.00262832
 56.60135854   0.01650730
 56.63303250   0.04225713
 56.66470646   0.07977451
 56.69638041   0.12890895
 56.72805437   0.18946334
 56.75972832   0.26119474
 56.79140228   0.34381541
 56.82307623   0.43699391
 56.85475019   0.54035643
 56.88642414   0.65348832
 56.91809810   0.77593575
 56.94977206   0.90720750
 56.98144601   1.04677696
 57.01311997   1.19408422
 57.04479392   1.34853836
 57.07646788   1.50951976
 57.10814183   1.67638262
 57.13981579   1.84845756
 57.17148974   2.02505427
 57.20316370   2.20546431
 57.23483765   2.38896396
 57.26651161   2.57481709
 57.29818557   2.76227811
 57.32985952   2.95059500
 57.36153348   3.13901233
 57.39320743   3.32677421
 57.42488139   3.51312744
 57.45655534   3.69732442
 57.48822930   3.87862624
 57.51990325   4.05630557
 57.55157721   4.22964964
 57.58325117   4.39796306
 57.61492512   4.56057061
 57.64659908   4.71681999
 57.67827303   4.86608437
 57.70994699   5.00776497
 57.74162094   5.14129341
 57.77329490   5.26613404
 57.80496885   5.38178603
 57.83664281   5.48778545
 57.86831677   5.58370705
 57.89999072   5.66916604
 57.93166468   5.74381960
 57.96333863   5.80736823
 57.99501259   5.85955700
 58.02668654   5.90017657
 58.05836050   5.92906396
 58.09003445   5.94610331
 58.12170841   5.95122625
 58.15338237   5.94441223
 58.18505632   5.92568859
 58.21673028   5.89513044
 58.24840423   5.85286037
 58.28007819   5.79904795
 58.31175214   5.73390905
 58.34342610   5.65770499
 58.37510005   5.57074146
 58.40677401   5.47336734
 58.43844797   5.36597324
 58.47012192   5.24899000
 58.50179588   5.12288691
 58.53346983   4.98816983
 58.56514379   4.84537921
 58.59681774   4.69508787
 58.62849170   4.53789872
 58.66016565   4.37444233
 58.69183961   4.20537444
 58.72351357   4.03137328
 58.75518752   3.85313688
 58.78686148   3.67138025
 58.81853543   3.48683252
 58.85020939   3.30023404
 58.88188334   3.11233337
 58.91355730   2.92388429
 58.94523125   2.73564278
 58.97690521   2.54836401
 59.00857916   2.36279925
 59.04025312   2.17969293
 59.07192708   1.99977959
 59.10360103   1.82378098
 59.13527499   1.65240314
 59.16694894   1.48633357
 59.19862290   1.32623848
 59.23029685   1.17276011
 59.26197081   1.02651415
 59.29364476   0.88808729
 59.32531872   0.75803484
 59.35699268   0.63687853
 59.38866663   0.52510437
 59.42034059   0.42316078
 59.45201454   0.33145671
 59.48368850   0.25036004
 59.51536245   0.18019610
 59.54703641   0.12124635
 59.57871036   0.07374730
 59.61038432   0.03788947
 59.64205828   0.01381672
 59.67373223   0.00162562
 59.70540619   0.00136508
 59.73708014   0.01303614
 59.76875410   0.03659198
 59.80042805   0.07193811
 59.83210201   0.11893272
 59.86377596   0.17738730
 59.89544992   0.24706735
 59.92712388   0.32769333
 59.95879783   0.41894182
 59.99047179   0.52044674
 60.02214574   0.63180091
 60.05381970   0.75255762
 60.08549365   0.88223243
 60.11716761   1.02030514
 60.14884156   1.16622186
 60.18051552   1.31939722
 60.21218948   1.47921674
 60.24386343   1.64503929
 60.27553739   1.81619965
 60.30721134   1.99201119
 60.33888530   2.17176863
 60.37055925   2.35475084
 60.40223321   2.54022378
 60.43390716   2.72744338
 60.46558112   2.91565861
 60.49725508   3.10411442
 60.52892903   3.29205479
 60.56060299   3.47872577
 60.59227694   3.66337852
 60.62395090   3.84527228
 60.65562485   4.02367736
 60.68729881   4.19787807
 60.71897276   4.36717558
 60.75064672   4.53089074
 60.78232068   4.68836678
 60.81399463   4.83897197
 60.84566859   4.98210215
 60.87734254   5.11718311
 60.90901650   5.24367299
 60.94069045   5.36106433
 60.97236441   5.46888622
 61.00403836   5.56670612
 61.03571232   5.65413161
 61.06738627   5.73081197
 61.09906023   5.79643959
 61.13073419   5.85075120
 61.16240814   5.89352892
 61.19408210   5.92460114
 61.22575605   5.94384321
 61.25743001   5.95117795
 61.28910396   5.94657592
 61.32077792   5.93005559
 61.35245187   5.90168323
 61.38412583   5.86157266
 61.41579979   5.80988479
 61.44747374   5.74682697
 61.47914770   5.67265216
 61.51082165   5.58765793
 61.54249561   5.49218524
 61.57416956   5.38661708
 61.60584352   5.27137697
 61.63751747   5.14692719
 61.66919143   5.01376700
 61.70086539   4.87243057
 61.73253934   4.72348490
 61.76421330   4.56752750
 61.79588725   4.40518401
 61.82756121   4.23710569
 61.85923516   4.06396681
 61.89090912   3.88646193
 61.92258307   3.70530314
 61.95425703   3.52121717
 61.98593099   3.33494250
 62.01760494   3.14722641
 62.04927890   2.95882192
 62.08095285   2.77048486
 62.11262681   2.58297076
 62.14430076   2.39703184
 62.17597472   2.21341403
 62.20764867   2.03285393
 62.23932263   1.85607588
 62.27099659   1.68378904
 62.30267054   1.51668457
 62.33434450   1.35543281
 62.36601845   1.20068066
 62.39769241   1.05304892
 62.42936636   0.91312982
 62.46104032   0.78148468
 62.49271427   0.65864159
 62.52438823   0.54509337
 62.55606219   0.44129552
 62.58773614   0.34766444
 62.61941010   0.26457574
 62.65108405   0.19236274
 62.68275801   0.13131513
 62.71443196   0.08167781
 62.74610592   0.04364992
 62.77777987   0.01738399
 62.80945383   0.00298540
 62.84112778   0.00051191
 62.87280174   0.00997345
 62.90447570   0.03133206
 62.93614965   0.06450205
 62.96782361   0.10935036
 62.99949756   0.16569707
 63.03117152   0.23331615
 63.06284547   0.31193634
 63.09451943   0.40124223
 63.12619338   0.50087557
 63.15786734   0.61043666
 63.18954130   0.72948600
 63.22121525   0.85754599
 63.25288921   0.99410292
 63.28456316   1.13860897
 63.31623712   1.29048443
 63.34791107   1.44912004
 63.37958503   1.61387942
 63.41125898   1.78410160
 63.44293294   1.95910374
 63.47460690   2.13818378
 63.50628085   2.32062333
 63.53795481   2.50569050
 63.56962876   2.69264288
 63.60130272   2.88073049
 63.63297667   3.06919880
 63.66465063   3.25729173
 63.69632458   3.44425474
 63.72799854   3.62933780
 63.75967250   3.81179842
 63.79134645   3.99090465
 63.82302041   4.16593798
 63.85469436   4.33619625
 63.88636832   4.50099644
 63.91804227   4.65967743
 63.94971623   4.81160267
 63.98139018   4.95616268
 64.01306414   5.09277755
 64.04473810   5.22089923
 64.07641205   5.34001374
 64.10808601   5.44964324
 64.13975996   5.54934795
 64.17143392   5.63872788
 64.20310787   5.71742447
 64.23478183   5.78512204
 64.26645578   5.84154899
 64.29812974   5.88647896
 64.32980370   5.91973173
 64.36147765   5.94117387
 64.39315161   5.95071939
 64.42482556   5.94832998
 64.45649952   5.93401524
 64.48817347   5.90783258
 64.51984743   5.86988704
 64.55152138   5.82033085
 64.58319534   5.75936280
 64.61486929   5.68722748
 64.64654325   5.60421426
 64.67821721   5.51065616
 64.70989116   5.40692851
 64.74156512   5.29344741
 64.77323907   5.17066811
 64.80491303   5.03908315
 64.83658698   4.89922040
 64.86826094   4.75164094
 64.89993489   4.59693680
 64.93160885   4.43572859
 64.96328281   4.26866302
 64.99495676   4.09641029
 65.02663072   3.91966141
 65.05830467   3.73912543
 65.08997863   3.55552659
 65.12165258   3.36960142
 65.15332654   3.18209578
 65.18500049   2.99376188
 65.21667445   2.80535523
 65.24834841   2.61763164
 65.28002236   2.43134421
 65.31169632   2.24724023
 65.34337027   2.06605826
 65.37504423   1.88852514
 65.40671818   1.71535306
 65.43839214   1.54723671
 65.47006609   1.38485053
 65.50174005   1.22884593
 65.53341401   1.07984875
 65.56508796   0.93845672
 65.59676192   0.80523703
 65.62843587   0.68072412
 65.66010983   0.56541748
 65.69178378   0.45977968
 65.72345774   0.36423449
 65.75513169   0.27916522
 65.78680565   0.20491312
 65.81847961   0.14177607
 65.85015356   0.09000734
 65.88182752   0.04981461
 65.91350147   0.02135913
 65.94517543   0.00475503
 65.97684938   0.00006894
 66.00852334   0.00731965
 66.04019729   0.02647808
 66.07187125   0.05746736
 66.10354521   0.10016318
 66.13521916   0.15439427
 66.16689312   0.21994306
 66.19856707   0.29654660
 66.23024103   0.38389758
 66.26191498   0.48164560
 66.29358894   0.58939851
 66.32526289   0.70672406
 66.35693685   0.83315159
 66.38861081   0.96817390
 66.42028476   1.11124936
 66.45195872   1.26180398
 66.48363267   1.41923381
 66.51530663   1.58290729
 66.54698058   1.75216784
 66.57865454   1.92633644
 66.61032849   2.10471439
 66.64200245   2.28658612
 66.67367640   2.47122202
 66.70535036   2.65788140
 66.73702432   2.84581545
 66.76869827   3.03427027
 66.80037223   3.22248984
 66.83204618   3.40971909
 66.86372014   3.59520694
 66.89539409   3.77820927
 66.92706805   3.95799196
 66.95874200   4.13383378
 66.99041596   4.30502932
 67.02208992   4.47089182
 67.05376387   4.63075589
 67.08543783   4.78398023
 67.11711178   4.92995015
 67.14878574   5.06808008
 67.18045969   5.19781590
 67.21213365   5.31863715
 67.24380760   5.43005915
 67.27548156   5.53163492
 67.30715552   5.62295697
 67.33882947   5.70365895
 67.37050343   5.77341712
 67.40217738   5.83195163
 67.43385134   5.87902767
 67.46552529   5.91445639
 67.49719925   5.93809566
 67.52887320   5.94985064
 67.56054716   5.94967418
 67.59222112   5.93756700
 67.62389507   5.91357765
 67.65556903   5.87780238
 67.68724298   5.83038470
 67.71891694   5.77151483
 67.75059089   5.70142893
 67.78226485   5.62040817
 67.81393880   5.52877757
 67.84561276   5.42690472
 67.87728672   5.31519828
 67.90896067   5.19410638
 67.94063463   5.06411481
 67.97230858   4.92574502
 68.00398254   4.77955212
 68.03565649   4.62612256
 68.06733045   4.46607186
 68.09900440   4.30004206
 68.13067836   4.12869923
 68.16235232   3.95273072
 68.19402627   3.77284245
 68.22570023   3.58975606
 68.25737418   3.40420602
 68.28904814   3.21693670
 68.32072209   3.02869933
 68.35239605   2.84024907
 68.38407000   2.65234189
 68.41574396   2.46573162
 68.44741791   2.28116685
 68.47909187   2.09938800
 68.51076583   1.92112428
 68.54243978   1.74709083
 68.57411374   1.57798580
 68.60578769   1.41448757
 68.63746165   1.25725204
 68.66913560   1.10690997
 68.70080956   0.96406449
 68.73248351   0.82928862
 68.76415747   0.70312305
 68.79583143   0.58607389
 68.82750538   0.47861071
 68.85917934   0.38116460
 68.89085329   0.29412648
 68.92252725   0.21784552
 68.95420120   0.15262772
 68.98587516   0.09873472
 69.01754911   0.05638271
 69.04922307   0.02574159
 69.08089703   0.00693428
 69.11257098   0.00003623
 69.14424494   0.00507512
 69.17591889   0.02203072
 69.20759285   0.05083502
 69.23926680   0.09137246
 69.27094076   0.14348044
 69.30261471   0.20694990
 69.33428867   0.28152624
 69.36596263   0.36691028
 69.39763658   0.46275949
 69.42931054   0.56868937
 69.46098449   0.68427496
 69.49265845   0.80905258
 69.52433240   0.94252167
 69.55600636   1.08414680
 69.58768031   1.23335983
 69.61935427   1.38956217
 69.65102823   1.55212719
 69.68270218   1.72040276
 69.71437614   1.89371381
 69.74605009   2.07136508
 69.77772405   2.25264391
 69.80939800   2.43682308
 69.84107196   2.62316372
 69.87274591   2.81091831
 69.90441987   2.99933366
 69.93609383   3.18765391
 69.96776778   3.37512360
 69.99944174   3.56099066
 70.03111569   3.74450947
 70.06278965   3.92494383
 70.09446360   4.10156989
 70.12613756   4.27367911
 70.15781151   4.44058105
 70.18948547   4.60160615
 70.22115942   4.75610846
 70.25283338   4.90346817
 70.28450734   5.04309412
 70.31618129   5.17442619
 70.34785525   5.29693753
 70.37952920   5.41013666
 70.41120316   5.51356948
 70.44287711   5.60682106
 70.47455107   5.68951730
 70.50622502   5.76132646
 70.53789898   5.82196046
 70.56957294   5.87117608
 70.60124689   5.90877586
 70.63292085   5.93460899
 70.66459480   5.94857182
 70.69626876   5.95060834
 70.72794271   5.94071038
 70.75961667   5.91891765
 70.79129062   5.88531757
 70.82296458   5.84004494
 70.85463854   5.78328137
 70.88631249   5.71525457
 70.91798645   5.63623744
 70.94966040   5.54654696
 70.98133436   5.44654295
 71.01300831   5.33662658
 71.04468227   5.21723878
 71.07635622   5.08885851
 71.10803018   4.95200077
 71.13970414   4.80721457
 71.17137809   4.65508076
 71.20305205   4.49620963
 71.23472600   4.33123851
 71.26639996   4.16082920
 71.29807391   3.98566531
 71.32974787   3.80644955
 71.36142182   3.62390085
 71.39309578   3.43875153
 71.42476974   3.25174434
 71.45644369   3.06362947
 71.48811765   2.87516157
 71.51979160   2.68709671
 71.55146556   2.50018933
 71.58313951   2.31518922
 71.61481347   2.13283854
 71.64648742   1.95386881
 71.67816138   1.77899799
 71.70983534   1.60892758
 71.74150929   1.44433986
 71.77318325   1.28589507
 71.80485720   1.13422885
 71.83653116   0.98994961
 71.86820511   0.85363615
 71.89987907   0.72583531
 71.93155302   0.60705977
 71.96322698   0.49778602
 71.99490094   0.39845242
 72.02657489   0.30945746
 72.05824885   0.23115815
 72.08992280   0.16386860
 72.12159676   0.10785875
 72.15327071   0.06335330
 72.18494467   0.03053077
 72.21661862   0.00952284
 72.24829258   0.00041378
 72.27996653   0.00324014
 72.31164049   0.01799058
 72.34331445   0.04460593
 72.37498840   0.08297942
 72.40666236   0.13295709
 72.43833631   0.19433848
 72.47001027   0.26687733
 72.50168422   0.35028265
 72.53335818   0.44421984
 72.56503213   0.54831208
 72.59670609   0.66214177
 72.62838005   0.78525228
 72.66005400   0.91714974
 72.69172796   1.05730503
 72.72340191   1.20515589
 72.75507587   1.36010920
 72.78674982   1.52154336
 72.81842378   1.68881075
 72.85009773   1.86124035
 72.88177169   2.03814045
 72.91344565   2.21880139
 72.94511960   2.40249843
 72.97679356   2.58849464
 73.00846751   2.77604388
 73.04014147   2.96439378
 73.07181542   3.15278875
 73.10348938   3.34047302
 73.13516333   3.52669367
 73.16683729   3.71070366
 73.19851125   3.89176480
 73.23018520   4.06915076
 73.26185916   4.24214992
 73.29353311   4.41006829
 73.32520707   4.57223223
 73.35688102   4.72799121
 73.38855498   4.87672038
 73.42022893   5.01782310
 73.45190289   5.15073332
 73.48357685   5.27491785
 73.51525080   5.38987851
 73.54692476   5.49515412
 73.57859871   5.59032237
 73.61027267   5.67500147
 73.64194662   5.74885171
 73.67362058   5.81157685
 73.70529453   5.86292525
 73.73696849   5.90269093
 73.76864245   5.93071435
 73.80031640   5.94688310
 73.83199036   5.95113231
 73.86366431   5.94344495
 73.89533827   5.92385184
 73.92701222   5.89243160
 73.95868618   5.84931025
 73.99036013   5.79466080
 74.02203409   5.72870247
 74.05370804   5.65169987
 74.08538200   5.56396189
 74.11705596   5.46584051
 74.14872991   5.35772935
 74.18040387   5.24006212
 74.21207782   5.11331085
 74.24375178   4.97798402
 74.27542573   4.83462450
 74.30709969   4.68380740
 74.33877364   4.52613775
 74.37044760   4.36224804
 74.40212156   4.19279575
 74.43379551   4.01846065
 74.46546947   3.83994210
 74.49714342   3.65795626
 74.52881738   3.47323319
 74.56049133   3.28651391
 74.59216529   3.09854747
 74.62383924   2.91008793
 74.65551320   2.72189131
 74.68718716   2.53471259
 74.71886111   2.34930265
 74.75053507   2.16640529
 74.78220902   1.98675422
 74.81388298   1.81107013
 74.84555693   1.64005780
 74.87723089   1.47440327
 74.90890484   1.31477108
 74.94057880   1.16180160
 74.97225276   1.01610850
 75.00392671   0.87827624
 75.03560067   0.74885775
 75.06727462   0.62837221
 75.09894858   0.51730296
 75.13062253   0.41609557
 75.16229649   0.32515603
 75.19397044   0.24484917
 75.22564440   0.17549715
 75.25731836   0.11737818
 75.28899231   0.07072541
 75.32066627   0.03572600
 75.35234022   0.01252034
 75.38401418   0.00120154
 75.41568813   0.00181499
 75.44736209   0.01435824
 75.47903604   0.03878096
 75.51071000   0.07498519
 75.54238396   0.12282569
 75.57405791   0.18211053
 75.60573187   0.25260189
 75.63740582   0.33401699
 75.66907978   0.42602922
 75.70075373   0.52826946
 75.73242769   0.64032756
 75.76410164   0.76175399
 75.79577560   0.89206163
 75.82744955   1.03072775
 75.85912351   1.17719605
 75.89079747   1.33087898
 75.92247142   1.49116001
 75.95414538   1.65739615
 75.98581933   1.82892054
 76.01749329   2.00504507
 76.04916724   2.18506321
 76.08084120   2.36825280
 76.11251515   2.55387894
 76.14418911   2.74119697
 76.17586307   2.92945546
 76.20753702   3.11789917
 76.23921098   3.30577214
 76.27088493   3.49232070
 76.30255889   3.67679649
 76.33423284   3.85845947
 76.36590680   4.03658086
 76.39758075   4.21044612
 76.42925471   4.37935776
 76.46092867   4.54263817
 76.49260262   4.69963235
 76.52427658   4.84971048
 76.55595053   4.99227051
 76.58762449   5.12674055
 76.61929844   5.25258115
 76.65097240   5.36928749
 76.68264635   5.47639138
 76.71432031   5.57346318
 76.74599427   5.66011346
 76.77766822   5.73599461
 76.80934218   5.80080223
 76.84101613   5.85427634
 76.87269009   5.89620242
 76.90436404   5.92641227
 76.93603800   5.94478472
 76.96771195   5.95124604
 76.99938591   5.94577033
 77.03105987   5.92837955
 77.06273382   5.89914346
 77.09440778   5.85817936
 77.12608173   5.80565156
 77.15775569   5.74177080
 77.18942964   5.66679333
 77.22110360   5.58101994
 77.25277755   5.48479473
 77.28445151   5.37850369
 77.31612547   5.26257325
 77.34779942   5.13746846
 77.37947338   5.00369119
 77.41114733   4.86177811
 77.44282129   4.71229853
 77.47449524   4.55585209
 77.50616920   4.39306640
 77.53784315   4.22459449
 77.56951711   4.05111220
 77.60119107   3.87331549
 77.63286502   3.69191760
 77.66453898   3.50764623
 77.69621293   3.32124061
 77.72788689   3.13344853
 77.75956084   2.94502333
 77.79123480   2.75672090
 77.82290875   2.56929665
 77.85458271   2.38350244
 77.88625666   2.20008361
 77.91793062   2.01977597
 77.94960458   1.84330284
 77.98127853   1.67137217
 78.01295249   1.50467367
 78.04462644   1.34387607
 78.07630040   1.18962444
 78.10797435   1.04253757
 78.13964831   0.90320551
 78.17132226   0.77218722
 78.20299622   0.65000829
 78.23467018   0.53715885
 78.26634413   0.43409161
 78.29801809   0.34122004
 78.32969204   0.25891671
 78.36136600   0.18751178
 78.39303995   0.12729170
 78.42471391   0.07849805
 78.45638786   0.04132658
 78.48806182   0.01592639
 78.51973578   0.00239940
 78.55140973   0.00079985
 78.58308369   0.01113418
 78.61475764   0.03336091
 78.64643160   0.06739090
 78.67810555   0.11308761
 78.70977951   0.17026774
 78.74145346   0.23870189
 78.77312742   0.31811555
 78.80480138   0.40819012
 78.83647533   0.50856427
 78.86814929   0.61883533
 78.89982324   0.73856094
 78.93149720   0.86726080
 78.96317115   1.00441862
 78.99484511   1.14948418
 79.02651906   1.30187553
 79.05819302   1.46098133
 79.08986698   1.62616331
 79.12154093   1.79675883
 79.15321489   1.97208351
