  0.00000000  -0.59748755
  0.03167396  -0.59688833
  0.06334791  -0.59509306
  0.09502187  -0.59210896
  0.12669582  -0.58794799
  0.15836978  -0.58262684
  0.19004373  -0.57616686
  0.22171769  -0.56859397
  0.25339164  -0.55993854
  0.28506560  -0.55023530
  0.31673956  -0.53952317
  0.34841351  -0.52784513
  0.38008747  -0.51524802
  0.41176142  -0.50178237
  0.44343538  -0.48750222
  0.47510933  -0.47246484
  0.50678329  -0.45673055
  0.53845724  -0.44036249
  0.57013120  -0.42342630
  0.60180516  -0.40598994
  0.63347911  -0.38812334
  0.66515307  -0.36989819
  0.69682702  -0.35138760
  0.72850098  -0.33266581
  0.76017493  -0.31380795
  0.79184889  -0.29488965
  0.82352284  -0.27598682
  0.85519680  -0.25717528
  0.88687076  -0.23853049
  0.91854471  -0.22012726
  0.95021867  -0.20203940
  0.98189262  -0.18433949
  1.01356658  -0.16709852
  1.04524053  -0.15038567
  1.07691449  -0.13426797
  1.10858844  -0.11881008
  1.14026240  -0.10407402
  1.17193635  -0.09011890
  1.20361031  -0.07700070
  1.23528427  -0.06477205
  1.26695822  -0.05348200
  1.29863218  -0.04317585
  1.33030613  -0.03389494
  1.36198009  -0.02567650
  1.39365404  -0.01855350
  1.42532800  -0.01255452
  1.45700195  -0.00770362
  1.48867591  -0.00402026
  1.52034987  -0.00151922
  1.55202382  -0.00021053
  1.58369778  -0.00009944
  1.61537173  -0.00118640
  1.64704569  -0.00346704
  1.67871964  -0.00693222
  1.71039360  -0.01156804
  1.74206755  -0.01735590
  1.77374151  -0.02427257
  1.80541547  -0.03229032
  1.83708942  -0.04137697
  1.86876338  -0.05149609
  1.90043733  -0.06260706
  1.93211129  -0.07466533
  1.96378524  -0.08762251
  1.99545920  -0.10142663
  2.02713315  -0.11602231
  2.05880711  -0.13135100
  2.09048107  -0.14735121
  2.12215502  -0.16395874
  2.15382898  -0.18110698
  2.18550293  -0.19872713
  2.21717689  -0.21674852
  2.24885084  -0.23509883
  2.28052480  -0.25370446
  2.31219875  -0.27249078
  2.34387271  -0.29138241
  2.37554667  -0.31030357
  2.40722062  -0.32917836
  2.43889458  -0.34793106
  2.47056853  -0.36648643
  2.50224249  -0.38477005
  2.53391644  -0.40270857
  2.56559040  -0.42023002
  2.59726435  -0.43726411
  2.62893831  -0.45374251
  2.66061227  -0.46959911
  2.69228622  -0.48477031
  2.72396018  -0.49919525
  2.75563413  -0.51281605
  2.78730809  -0.52557807
  2.81898204  -0.53743012
  2.85065600  -0.54832465
  2.88232995  -0.55821796
  2.91400391  -0.56707036
  2.94567786  -0.57484634
  2.97735182  -0.58151469
  3.00902578  -0.58704868
  3.04069973  -0.59142611
  3.07237369  -0.59462940
  3.10404764  -0.59664571
  3.13572160  -0.59746696
  3.16739555  -0.59708984
  3.19906951  -0.59551587
  3.23074346  -0.59275137
  3.26241742  -0.58880742
  3.29409138  -0.58369984
  3.32576533  -0.57744914
  3.35743929  -0.57008037
  3.38911324  -0.56162311
  3.42078720  -0.55211127
  3.45246115  -0.54158302
  3.48413511  -0.53008060
  3.51580906  -0.51765013
  3.54748302  -0.50434151
  3.57915698  -0.49020810
  3.61083093  -0.47530661
  3.64250489  -0.45969682
  3.67417884  -0.44344134
  3.70585280  -0.42660540
  3.73752675  -0.40925652
  3.76920071  -0.39146431
  3.80087466  -0.37330014
  3.83254862  -0.35483688
  3.86422258  -0.33614859
  3.89589653  -0.31731025
  3.92757049  -0.29839743
  3.95924444  -0.27948600
  3.99091840  -0.26065182
  4.02259235  -0.24197045
  4.05426631  -0.22351684
  4.08594026  -0.20536501
  4.11761422  -0.18758778
  4.14928818  -0.17025646
  4.18096213  -0.15344058
  4.21263609  -0.13720761
  4.24431004  -0.12162265
  4.27598400  -0.10674824
  4.30765795  -0.09264404
  4.33933191  -0.07936663
  4.37100586  -0.06696929
  4.40267982  -0.05550173
  4.43435378  -0.04500996
  4.46602773  -0.03553608
  4.49770169  -0.02711808
  4.52937564  -0.01978974
  4.56104960  -0.01358046
  4.59272355  -0.00851515
  4.62439751  -0.00461412
  4.65607146  -0.00189303
  4.68774542  -0.00036278
  4.71941937  -0.00002953
  4.75109333  -0.00089461
  4.78276729  -0.00295454
  4.81444124  -0.00620106
  4.84611520  -0.01062115
  4.87778915  -0.01619708
  4.90946311  -0.02290648
  4.94113706  -0.03072243
  4.97281102  -0.03961358
  5.00448497  -0.04954427
  5.03615893  -0.06047464
  5.06783289  -0.07236086
  5.09950684  -0.08515524
  5.13118080  -0.09880645
  5.16285475  -0.11325974
  5.19452871  -0.12845712
  5.22620266  -0.14433762
  5.25787662  -0.16083754
  5.28955057  -0.17789069
  5.32122453  -0.19542865
  5.35289849  -0.21338108
  5.38457244  -0.23167594
  5.41624640  -0.25023986
  5.44792035  -0.26899836
  5.47959431  -0.28787618
  5.51126826  -0.30679760
  5.54294222  -0.32568671
  5.57461617  -0.34446774
  5.60629013  -0.36306534
  5.63796409  -0.38140490
  5.66963804  -0.39941286
  5.70131200  -0.41701698
  5.73298595  -0.43414663
  5.76465991  -0.45073309
  5.79633386  -0.46670984
  5.82800782  -0.48201276
  5.85968177  -0.49658048
  5.89135573  -0.51035456
  5.92302969  -0.52327974
  5.95470364  -0.53530416
  5.98637760  -0.54637959
  6.01805155  -0.55646161
  6.04972551  -0.56550976
  6.08139946  -0.57348774
  6.11307342  -0.58036356
  6.14474737  -0.58610963
  6.17642133  -0.59070290
  6.20809529  -0.59412494
  6.23976924  -0.59636202
  6.27144320  -0.59740517
  6.30311715  -0.59725021
  6.33479111  -0.59589776
  6.36646506  -0.59335324
  6.39813902  -0.58962685
  6.42981297  -0.58473356
  6.46148693  -0.57869299
  6.49316089  -0.57152936
  6.52483484  -0.56327143
  6.55650880  -0.55395231
  6.58818275  -0.54360939
  6.61985671  -0.53228417
  6.65153066  -0.52002207
  6.68320462  -0.50687229
  6.71487857  -0.49288758
  6.74655253  -0.47812403
  6.77822648  -0.46264089
  6.80990044  -0.44650025
  6.84157440  -0.42976686
  6.87324835  -0.41250787
  6.90492231  -0.39479249
  6.93659626  -0.37669181
  6.96827022  -0.35827842
  6.99994417  -0.33962621
  7.03161813  -0.32080999
  7.06329208  -0.30190525
  7.09496604  -0.28298783
  7.12664000  -0.26413362
  7.15831395  -0.24541825
  7.18998791  -0.22691679
  7.22166186  -0.20870349
  7.25333582  -0.19085139
  7.28500977  -0.17343211
  7.31668373  -0.15651553
  7.34835768  -0.14016952
  7.38003164  -0.12445965
  7.41170560  -0.10944894
  7.44337955  -0.09519760
  7.47505351  -0.08176282
  7.50672746  -0.06919848
  7.53840142  -0.05755499
  7.57007537  -0.04687905
  7.60174933  -0.03721350
  7.63342328  -0.02859711
  7.66509724  -0.02106445
  7.69677120  -0.01464572
  7.72844515  -0.00936669
  7.76011911  -0.00524853
  7.79179306  -0.00230776
  7.82346702  -0.00055617
  7.85514097  -0.00000080
  7.88681493  -0.00064388
  7.91848888  -0.00248281
  7.95016284  -0.00551023
  7.98183680  -0.00971399
  8.01351075  -0.01507723
  8.04518471  -0.02157842
  8.07685866  -0.02919150
  8.10853262  -0.03788592
  8.14020657  -0.04762680
  8.17188053  -0.05837507
  8.20355448  -0.07008760
  8.23522844  -0.08271741
  8.26690240  -0.09621384
  8.29857635  -0.11052274
  8.33025031  -0.12558671
  8.36192426  -0.14134532
  8.39359822  -0.15773536
  8.42527217  -0.17469106
  8.45694613  -0.19214442
  8.48862008  -0.21002541
  8.52029404  -0.22826231
  8.55196799  -0.24678195
  8.58364195  -0.26551004
  8.61531591  -0.28437145
  8.64698986  -0.30329052
  8.67866382  -0.32219135
  8.71033777  -0.34099811
  8.74201173  -0.35963537
  8.77368568  -0.37802836
  8.80535964  -0.39610328
  8.83703359  -0.41378764
  8.86870755  -0.43101048
  8.90038151  -0.44770272
  8.93205546  -0.46379740
  8.96372942  -0.47922994
  8.99540337  -0.49393844
  9.02707733  -0.50786390
  9.05875128  -0.52095044
  9.09042524  -0.53314558
  9.12209919  -0.54440039
  9.15377315  -0.55466972
  9.18544711  -0.56391237
  9.21712106  -0.57209127
  9.24879502  -0.57917360
  9.28046897  -0.58513096
  9.31214293  -0.58993944
  9.34381688  -0.59357975
  9.37549084  -0.59603730
  9.40716479  -0.59730222
  9.43883875  -0.59736943
  9.47051271  -0.59623868
  9.50218666  -0.59391449
  9.53386062  -0.59040619
  9.56553457  -0.58572785
  9.59720853  -0.57989824
  9.62888248  -0.57294074
  9.66055644  -0.56488328
  9.69223039  -0.55575816
  9.72390435  -0.54560200
  9.75557831  -0.53445554
  9.78725226  -0.52236350
  9.81892622  -0.50937438
  9.85060017  -0.49554029
  9.88227413  -0.48091673
  9.91394808  -0.46556236
  9.94562204  -0.44953878
  9.97729599  -0.43291026
 10.00896995  -0.41574353
 10.04064391  -0.39810743
 10.07231786  -0.38007273
 10.10399182  -0.36171176
 10.13566577  -0.34309819
 10.16733973  -0.32430669
 10.19901368  -0.30541264
 10.23068764  -0.28649184
 10.26236159  -0.26762019
 10.29403555  -0.24887339
 10.32570950  -0.23032665
 10.35738346  -0.21205438
 10.38905742  -0.19412987
 10.42073137  -0.17662503
 10.45240533  -0.15961009
 10.48407928  -0.14315330
 10.51575324  -0.12732067
 10.54742719  -0.11217573
 10.57910115  -0.09777923
 10.61077510  -0.08418892
 10.64244906  -0.07145933
 10.67412302  -0.05964151
 10.70579697  -0.04878288
 10.73747093  -0.03892699
 10.76914488  -0.03011339
 10.80081884  -0.02237743
 10.83249279  -0.01575015
 10.86416675  -0.01025813
 10.89584070  -0.00592340
 10.92751466  -0.00276336
 10.95918862  -0.00079067
 10.99086257  -0.00001326
 11.02253653  -0.00043425
 11.05421048  -0.00205193
 11.08588444  -0.00485983
 11.11755839  -0.00884668
 11.14923235  -0.01399648
 11.18090630  -0.02028858
 11.21258026  -0.02769774
 11.24425422  -0.03619423
 11.27592817  -0.04574396
 11.30760213  -0.05630864
 11.33927608  -0.06784587
 11.37095004  -0.08030937
 11.40262399  -0.09364915
 11.43429795  -0.10781170
 11.46597190  -0.12274018
 11.49764586  -0.13837473
 11.52931982  -0.15465261
 11.56099377  -0.17150854
 11.59266773  -0.18887488
 11.62434168  -0.20668197
 11.65601564  -0.22485838
 11.68768959  -0.24333119
 11.71936355  -0.26202630
 11.75103750  -0.28086870
 11.78271146  -0.29978281
 11.81438542  -0.31869275
 11.84605937  -0.33752266
 11.87773333  -0.35619701
 11.90940728  -0.37464088
 11.94108124  -0.39278027
 11.97275519  -0.41054243
 12.00442915  -0.42785610
 12.03610310  -0.44465181
 12.06777706  -0.46086220
 12.09945102  -0.47642223
 12.13112497  -0.49126949
 12.16279893  -0.50534440
 12.19447288  -0.51859052
 12.22614684  -0.53095469
 12.25782079  -0.54238732
 12.28949475  -0.55284255
 12.32116870  -0.56227843
 12.35284266  -0.57065711
 12.38451661  -0.57794498
 12.41619057  -0.58411280
 12.44786453  -0.58913583
 12.47953848  -0.59299391
 12.51121244  -0.59567158
 12.54288639  -0.59715809
 12.57456035  -0.59744748
 12.60623430  -0.59653858
 12.63790826  -0.59443504
 12.66958221  -0.59114530
 12.70125617  -0.58668256
 12.73293013  -0.58106472
 12.76460408  -0.57431432
 12.79627804  -0.56645843
 12.82795199  -0.55752858
 12.85962595  -0.54756058
 12.89129990  -0.53659442
 12.92297386  -0.52467410
 12.95464781  -0.51184743
 12.98632177  -0.49816587
 13.01799573  -0.48368431
 13.04966968  -0.46846083
 13.08134364  -0.45255652
 13.11301759  -0.43603517
 13.14469155  -0.41896306
 13.17636550  -0.40140867
 13.20803946  -0.38344243
 13.23971341  -0.36513642
 13.27138737  -0.34656406
 13.30306133  -0.32779987
 13.33473528  -0.30891911
 13.36640924  -0.28999753
 13.39808319  -0.27111104
 13.42975715  -0.25233541
 13.46143110  -0.23374594
 13.49310506  -0.21541722
 13.52477901  -0.19742278
 13.55645297  -0.17983480
 13.58812693  -0.16272383
 13.61980088  -0.14615852
 13.65147484  -0.13020533
 13.68314879  -0.11492825
 13.71482275  -0.10038857
 13.74649670  -0.08664461
 13.77817066  -0.07375151
 13.80984461  -0.06176099
 13.84151857  -0.05072116
 13.87319253  -0.04067630
 13.90486648  -0.03166671
 13.93654044  -0.02372852
 13.96821439  -0.01689360
 13.99988835  -0.01118934
 14.03156230  -0.00663865
 14.06323626  -0.00325977
 14.09491021  -0.00106626
 14.12658417  -0.00006691
 14.15825812  -0.00026575
 14.18993208  -0.00166196
 14.22160604  -0.00424995
 14.25327999  -0.00801933
 14.28495395  -0.01295499
 14.31662790  -0.01903713
 14.34830186  -0.02624134
 14.37997581  -0.03453873
 14.41164977  -0.04389600
 14.44332372  -0.05427563
 14.47499768  -0.06563597
 14.50667164  -0.07793145
 14.53834559  -0.09111274
 14.57001955  -0.10512697
 14.60169350  -0.11991792
 14.63336746  -0.13542624
 14.66504141  -0.15158974
 14.69671537  -0.16834355
 14.72838932  -0.18562049
 14.76006328  -0.20335123
 14.79173724  -0.22146465
 14.82341119  -0.23988808
 14.85508515  -0.25854762
 14.88675910  -0.27736842
 14.91843306  -0.29627496
 14.95010701  -0.31519140
 14.98178097  -0.33404187
 15.01345492  -0.35275073
 15.04512888  -0.37124293
 15.07680284  -0.38944430
 15.10847679  -0.40728181
 15.14015075  -0.42468391
 15.17182470  -0.44158079
 15.20349866  -0.45790466
 15.23517261  -0.47359003
 15.26684657  -0.48857399
 15.29852052  -0.50279643
 15.33019448  -0.51620028
 15.36186844  -0.52873178
 15.39354239  -0.54034066
 15.42521635  -0.55098034
 15.45689030  -0.56060815
 15.48856426  -0.56918546
 15.52023821  -0.57667786
 15.55191217  -0.58305529
 15.58358612  -0.58829218
 15.61526008  -0.59236751
 15.64693404  -0.59526493
 15.67860799  -0.59697282
 15.71028195  -0.59748434
 15.74195590  -0.59679742
 15.77362986  -0.59491483
 15.80530381  -0.59184411
 15.83697777  -0.58759758
 15.86865172  -0.58219228
 15.90032568  -0.57564990
 15.93199963  -0.56799668
 15.96367359  -0.55926331
 15.99534755  -0.54948485
 16.02702150  -0.53870050
 16.05869546  -0.52695354
 16.09036941  -0.51429110
 16.12204337  -0.50076395
 16.15371732  -0.48642639
 16.18539128  -0.47133591
 16.21706523  -0.45555305
 16.24873919  -0.43914114
 16.28041315  -0.42216601
 16.31208710  -0.40469576
 16.34376106  -0.38680046
 16.37543501  -0.36855192
 16.40710897  -0.35002333
 16.43878292  -0.33128903
 16.47045688  -0.31242417
 16.50213083  -0.29350443
 16.53380479  -0.27460571
 16.56547875  -0.25580382
 16.59715270  -0.23717419
 16.62882666  -0.21879156
 16.66050061  -0.20072966
 16.69217457  -0.18306095
 16.72384852  -0.16585633
 16.75552248  -0.14918479
 16.78719643  -0.13311323
 16.81887039  -0.11770611
 16.85054435  -0.10302525
 16.88221830  -0.08912953
 16.91389226  -0.07607471
 16.94556621  -0.06391315
 16.97724017  -0.05269364
 17.00891412  -0.04246119
 17.04058808  -0.03325684
 17.07226203  -0.02511753
 17.10393599  -0.01807590
 17.13560995  -0.01216021
 17.16728390  -0.00739417
 17.19895786  -0.00379692
 17.23063181  -0.00138288
 17.26230577  -0.00016174
 17.29397972  -0.00013840
 17.32565368  -0.00131295
 17.35732763  -0.00368067
 17.38900159  -0.00723207
 17.42067555  -0.01195291
 17.45234950  -0.01782424
 17.48402346  -0.02482252
 17.51569741  -0.03291966
 17.54737137  -0.04208318
 17.57904532  -0.05227633
 17.61071928  -0.06345821
 17.64239323  -0.07558397
 17.67406719  -0.08860496
 17.70574115  -0.10246894
 17.73741510  -0.11712031
 17.76908906  -0.13250028
 17.80076301  -0.14854715
 17.83243697  -0.16519655
 17.86411092  -0.18238170
 17.89578488  -0.20003364
 17.92745883  -0.21808157
 17.95913279  -0.23645309
 17.99080674  -0.25507449
 18.02248070  -0.27387108
 18.05415466  -0.29276745
 18.08582861  -0.31168779
 18.11750257  -0.33055620
 18.14917652  -0.34929700
 18.18085048  -0.36783500
 18.21252443  -0.38609582
 18.24419839  -0.40400623
 18.27587234  -0.42149436
 18.30754630  -0.43849007
 18.33922026  -0.45492516
 18.37089421  -0.47073372
 18.40256817  -0.48585232
 18.43424212  -0.50022031
 18.46591608  -0.51378006
 18.49759003  -0.52647716
 18.52926399  -0.53826068
 18.56093794  -0.54908336
 18.59261190  -0.55890176
 18.62428586  -0.56767652
 18.65595981  -0.57537241
 18.68763377  -0.58195859
 18.71930772  -0.58740861
 18.75098168  -0.59170062
 18.78265563  -0.59481739
 18.81432959  -0.59674644
 18.84600354  -0.59748001
 18.87767750  -0.59701517
 18.90935146  -0.59535378
 18.94102541  -0.59250250
 18.97269937  -0.58847277
 19.00437332  -0.58328076
 19.03604728  -0.57694730
 19.06772123  -0.56949780
 19.09939519  -0.56096213
 19.13106914  -0.55137455
 19.16274310  -0.54077350
 19.19441706  -0.52920153
 19.22609101  -0.51670504
 19.25776497  -0.50333419
 19.28943892  -0.48914259
 19.32111288  -0.47418718
 19.35278683  -0.45852797
 19.38446079  -0.44222776
 19.41613474  -0.42535195
 19.44780870  -0.40796823
 19.47948266  -0.39014635
 19.51115661  -0.37195780
 19.54283057  -0.35347554
 19.57450452  -0.33477371
 19.60617848  -0.31592735
 19.63785243  -0.29701206
 19.66952639  -0.27810371
 19.70120034  -0.25927816
 19.73287430  -0.24061094
 19.76454825  -0.22217691
 19.79622221  -0.20405005
 19.82789617  -0.18630306
 19.85957012  -0.16900714
 19.89124408  -0.15223168
 19.92291803  -0.13604396
 19.95459199  -0.12050893
 19.98626594  -0.10568892
 20.01793990  -0.09164336
 20.04961385  -0.07842861
 20.08128781  -0.06609769
 20.11296177  -0.05470004
 20.14463572  -0.04428141
 20.17630968  -0.03488359
 20.20798363  -0.02654427
 20.23965759  -0.01929691
 20.27133154  -0.01317058
 20.30300550  -0.00818986
 20.33467945  -0.00437474
 20.36635341  -0.00174051
 20.39802737  -0.00029774
 20.42970132  -0.00005222
 20.46137528  -0.00100494
 20.49304923  -0.00315207
 20.52472319  -0.00648501
 20.55639714  -0.01099037
 20.58807110  -0.01665009
 20.61974505  -0.02344146
 20.65141901  -0.03133724
 20.68309297  -0.04030575
 20.71476692  -0.05031102
 20.74644088  -0.06131290
 20.77811483  -0.07326726
 20.80978879  -0.08612615
 20.84146274  -0.09983798
 20.87313670  -0.11434774
 20.90481065  -0.12959723
 20.93648461  -0.14552527
 20.96815857  -0.16206796
 20.99983252  -0.17915895
 21.03150648  -0.19672966
 21.06318043  -0.21470961
 21.09485439  -0.23302668
 21.12652834  -0.25160738
 21.15820230  -0.27037717
 21.18987625  -0.28926076
 21.22155021  -0.30818239
 21.25322417  -0.32706615
 21.28489812  -0.34583630
 21.31657208  -0.36441753
 21.34824603  -0.38273530
 21.37991999  -0.40071613
 21.41159394  -0.41828789
 21.44326790  -0.43538008
 21.47494185  -0.45192414
 21.50661581  -0.46785370
 21.53828976  -0.48310485
 21.56996372  -0.49761642
 21.60163768  -0.51133019
 21.63331163  -0.52419114
 21.66498559  -0.53614769
 21.69665954  -0.54715186
 21.72833350  -0.55715951
 21.76000745  -0.56613050
 21.79168141  -0.57402883
 21.82335536  -0.58082283
 21.85502932  -0.58648524
 21.88670328  -0.59099333
 21.91837723  -0.59432904
 21.95005119  -0.59647897
 21.98172514  -0.59743449
 22.01339910  -0.59719179
 22.04507305  -0.59575183
 22.07674701  -0.59312039
 22.10842096  -0.58930802
 22.14009492  -0.58433001
 22.17176888  -0.57820635
 22.20344283  -0.57096159
 22.23511679  -0.56262480
 22.26679074  -0.55322941
 22.29846470  -0.54281313
 22.33013865  -0.53141773
 22.36181261  -0.51908894
 22.39348656  -0.50587621
 22.42516052  -0.49183254
 22.45683448  -0.47701427
 22.48850843  -0.46148085
 22.52018239  -0.44529459
 22.55185634  -0.42852043
 22.58353030  -0.41122565
 22.61520425  -0.39347964
 22.64687821  -0.37535358
 22.67855216  -0.35692019
 22.71022612  -0.33825343
 22.74190008  -0.31942816
 22.77357403  -0.30051992
 22.80524799  -0.28160455
 22.83692194  -0.26275794
 22.86859590  -0.24405569
 22.90026985  -0.22557283
 22.93194381  -0.20738350
 22.96361776  -0.18956067
 22.99529172  -0.17217585
 23.02696568  -0.15529876
 23.05863963  -0.13899713
 23.09031359  -0.12333633
 23.12198754  -0.10837920
 23.15366150  -0.09418574
 23.18533545  -0.08081289
 23.21700941  -0.06831430
 23.24868336  -0.05674010
 23.28035732  -0.04613672
 23.31203128  -0.03654671
 23.34370523  -0.02800853
 23.37537919  -0.02055644
 23.40705314  -0.01422033
 23.43872710  -0.00902561
 23.47040105  -0.00499314
 23.50207501  -0.00213908
 23.53374896  -0.00047488
 23.56542292  -0.00000723
 23.59709687  -0.00073799
 23.62877083  -0.00266423
 23.66044479  -0.00577824
 23.69211874  -0.01006750
 23.72379270  -0.01551483
 23.75546665  -0.02209836
 23.78714061  -0.02979169
 23.81881456  -0.03856395
 23.85048852  -0.04837995
 23.88216247  -0.05920032
 23.91383643  -0.07098164
 23.94551039  -0.08367665
 23.97718434  -0.09723444
 24.00885830  -0.11160060
 24.04053225  -0.12671750
 24.07220621  -0.14252451
 24.10388016  -0.15895822
 24.13555412  -0.17595268
 24.16722807  -0.19343974
 24.19890203  -0.21134924
 24.23057599  -0.22960933
 24.26224994  -0.24814676
 24.29392390  -0.26688717
 24.32559785  -0.28575538
 24.35727181  -0.30467569
 24.38894576  -0.32357220
 24.42061972  -0.34236911
 24.45229367  -0.36099101
 24.48396763  -0.37936320
 24.51564159  -0.39741198
 24.54731554  -0.41506493
 24.57898950  -0.43225125
 24.61066345  -0.44890200
 24.64233741  -0.46495036
 24.67401136  -0.48033197
 24.70568532  -0.49498511
 24.73735927  -0.50885101
 24.76903323  -0.52187404
 24.80070719  -0.53400196
 24.83238114  -0.54518611
 24.86405510  -0.55538163
 24.89572905  -0.56454761
 24.92740301  -0.57264730
 24.95907696  -0.57964819
 24.99075092  -0.58552219
 25.02242487  -0.59024576
 25.05409883  -0.59379992
 25.08577279  -0.59617044
 25.11744674  -0.59734780
 25.14912070  -0.59732727
 25.18079465  -0.59610894
 25.21246861  -0.59369769
 25.24414256  -0.59010320
 25.27581652  -0.58533989
 25.30749047  -0.57942686
 25.33916443  -0.57238785
 25.37083838  -0.56425108
 25.40251234  -0.55504919
 25.43418630  -0.54481911
 25.46586025  -0.53360186
 25.49753421  -0.52144246
 25.52920816  -0.50838967
 25.56088212  -0.49449587
 25.59255607  -0.47981678
 25.62423003  -0.46441130
 25.65590398  -0.44834122
 25.68757794  -0.43167102
 25.71925190  -0.41446756
 25.75092585  -0.39679986
 25.78259981  -0.37873880
 25.81427376  -0.36035683
 25.84594772  -0.34172769
 25.87762167  -0.32292612
 25.90929563  -0.30402754
 25.94096958  -0.28510776
 25.97264354  -0.26624268
 26.00431750  -0.24750799
 26.03599145  -0.22897883
 26.06766541  -0.21072954
 26.09933936  -0.19283334
 26.13101332  -0.17536200
 26.16268727  -0.15838563
 26.19436123  -0.14197232
 26.22603518  -0.12618791
 26.25770914  -0.11109573
 26.28938310  -0.09675633
 26.32105705  -0.08322722
 26.35273101  -0.07056268
 26.38440496  -0.05881352
 26.41607892  -0.04802686
 26.44775287  -0.03824598
 26.47942683  -0.02951012
 26.51110078  -0.02185433
 26.54277474  -0.01530930
 26.57444870  -0.00990131
 26.60612265  -0.00565204
 26.63779661  -0.00257855
 26.66947056  -0.00069315
 26.70114452  -0.00000342
 26.73281847  -0.00051212
 26.76449243  -0.00221721
 26.79616638  -0.00511186
 26.82784034  -0.00918444
 26.85951430  -0.01441862
 26.89118825  -0.02079341
 26.92286221  -0.02828322
 26.95453616  -0.03685802
 26.98621012  -0.04648341
 27.01788407  -0.05712076
 27.04955803  -0.06872742
 27.08123198  -0.08125681
 27.11290594  -0.09465868
 27.14457989  -0.10887925
 27.17625385  -0.12386150
 27.20792781  -0.13954530
 27.23960176  -0.15586774
 27.27127572  -0.17276335
 27.30294967  -0.19016435
 27.33462363  -0.20800092
 27.36629758  -0.22620152
 27.39797154  -0.24469313
 27.42964549  -0.26340157
 27.46131945  -0.28225179
 27.49299341  -0.30116817
 27.52466736  -0.32007482
 27.55634132  -0.33889590
 27.58801527  -0.35755591
 27.61968923  -0.37597998
 27.65136318  -0.39409422
 27.68303714  -0.41182594
 27.71471109  -0.42910402
 27.74638505  -0.44585915
 27.77805901  -0.46202410
 27.80973296  -0.47753404
 27.84140692  -0.49232674
 27.87308087  -0.50634286
 27.90475483  -0.51952617
 27.93642878  -0.53182379
 27.96810274  -0.54318638
 27.99977669  -0.55356836
 28.03145065  -0.56292808
 28.06312461  -0.57122800
 28.09479856  -0.57843481
 28.12647252  -0.58451961
 28.15814647  -0.58945799
 28.18982043  -0.59323013
 28.22149438  -0.59582091
 28.25316834  -0.59721993
 28.28484229  -0.59742157
 28.31651625  -0.59642504
 28.34819021  -0.59423432
 28.37986416  -0.59085821
 28.41153812  -0.58631025
 28.44321207  -0.58060868
 28.47488603  -0.57377638
 28.50655998  -0.56584075
 28.53823394  -0.55683363
 28.56990789  -0.54679116
 28.60158185  -0.53575361
 28.63325581  -0.52376527
 28.66492976  -0.51087423
 28.69660372  -0.49713221
 28.72827767  -0.48259432
 28.75995163  -0.46731890
 28.79162558  -0.45136722
 28.82329954  -0.43480328
 28.85497349  -0.41769351
 28.88664745  -0.40010657
 28.91832141  -0.38211299
 28.94999536  -0.36378497
 28.98166932  -0.34519603
 29.01334327  -0.32642074
 29.04501723  -0.30753443
 29.07669118  -0.28861284
 29.10836514  -0.26973190
 29.14003909  -0.25096735
 29.17171305  -0.23239445
 29.20338700  -0.21408772
 29.23506096  -0.19612060
 29.26673492  -0.17856517
 29.29840887  -0.16149184
 29.33008283  -0.14496912
 29.36175678  -0.12906328
 29.39343074  -0.11383814
 29.42510469  -0.09935476
 29.45677865  -0.08567126
 29.48845260  -0.07284252
 29.52012656  -0.06092002
 29.55180052  -0.04995156
 29.58347447  -0.03998117
 29.61514843  -0.03104884
 29.64682238  -0.02319039
 29.67849634  -0.01643736
 29.71017029  -0.01081683
 29.74184425  -0.00635136
 29.77351820  -0.00305885
 29.80519216  -0.00095251
 29.83686612  -0.00004080
 29.86854007  -0.00032738
 29.90021403  -0.00181108
 29.93188798  -0.00448596
 29.96356194  -0.00834130
 29.99523589  -0.01336161
 30.02690985  -0.01952677
 30.05858380  -0.02681204
 30.09025776  -0.03518820
 30.12193172  -0.04462164
 30.15360567  -0.05507452
 30.18527963  -0.06650491
 30.21695358  -0.07886695
 30.24862754  -0.09211106
 30.28030149  -0.10618409
 30.31197545  -0.12102960
 30.34364940  -0.13658803
 30.37532336  -0.15279697
 30.40699732  -0.16959139
 30.43867127  -0.18690392
 30.47034523  -0.20466511
 30.50201918  -0.22280370
 30.53369314  -0.24124694
 30.56536709  -0.25992083
 30.59704105  -0.27875047
 30.62871500  -0.29766031
 30.66038896  -0.31657450
 30.69206292  -0.33541716
 30.72373687  -0.35411270
 30.75541083  -0.37258612
 30.78708478  -0.39076331
 30.81875874  -0.40857136
 30.85043269  -0.42593881
 30.88210665  -0.44279602
 30.91378060  -0.45907534
 30.94545456  -0.47471147
 30.97712851  -0.48964168
 31.00880247  -0.50380609
 31.04047643  -0.51714787
 31.07215038  -0.52961349
 31.10382434  -0.54115295
 31.13549829  -0.55171996
 31.16717225  -0.56127212
 31.19884620  -0.56977113
 31.23052016  -0.57718287
 31.26219411  -0.58347763
 31.29386807  -0.58863014
 31.32554203  -0.59261974
 31.35721598  -0.59543042
 31.38888994  -0.59705091
 31.42056389  -0.59747470
 31.45223785  -0.59670010
 31.48391180  -0.59473022
 31.51558576  -0.59157295
 31.54725971  -0.58724096
 31.57893367  -0.58175163
 31.61060763  -0.57512699
 31.64228158  -0.56739360
 31.67395554  -0.55858249
 31.70562949  -0.54872900
 31.73730345  -0.53787268
 31.76897740  -0.52605706
 31.80065136  -0.51332954
 31.83232531  -0.49974119
 31.86399927  -0.48534652
 31.89567323  -0.47020326
 31.92734718  -0.45437218
 31.95902114  -0.43791678
 31.99069509  -0.42090306
 32.02236905  -0.40339929
 32.05404300  -0.38547569
 32.08571696  -0.36720415
 32.11739091  -0.34865797
 32.14906487  -0.32991155
 32.18073883  -0.31104010
 32.21241278  -0.29211933
 32.24408674  -0.27322513
 32.27576069  -0.25443330
 32.30743465  -0.23581922
 32.33910860  -0.21745758
 32.37078256  -0.19942202
 32.40245651  -0.18178491
 32.43413047  -0.16461698
 32.46580443  -0.14798713
 32.49747838  -0.13196205
 32.52915234  -0.11660604
 32.56082629  -0.10198069
 32.59250025  -0.08814468
 32.62417420  -0.07515351
 32.65584816  -0.06305930
 32.68752211  -0.05191057
 32.71919607  -0.04175204
 32.75087002  -0.03262446
 32.78254398  -0.02456445
 32.81421794  -0.01760434
 32.84589189  -0.01177205
 32.87756585  -0.00709099
 32.90923980  -0.00357992
 32.94091376  -0.00125294
 32.97258771  -0.00011937
 33.00426167  -0.00018377
 33.03593562  -0.00144588
 33.06760958  -0.00390064
 33.09928354  -0.00753819
 33.13095749  -0.01234395
 33.16263145  -0.01829864
 33.19430540  -0.02537836
 33.22597936  -0.03355472
 33.25765331  -0.04279491
 33.28932727  -0.05306188
 33.32100122  -0.06431443
 33.35267518  -0.07650741
 33.38434914  -0.08959193
 33.41602309  -0.10351548
 33.44769705  -0.11822221
 33.47937100  -0.13365312
 33.51104496  -0.14974632
 33.54271891  -0.16643723
 33.57439287  -0.18365891
 33.60606682  -0.20134227
 33.63774078  -0.21941636
 33.66941474  -0.23780868
 33.70108869  -0.25644546
 33.73276265  -0.27525191
 33.76443660  -0.29415261
 33.79611056  -0.31307172
 33.82778451  -0.33193336
 33.85945847  -0.35066185
 33.89113242  -0.36918207
 33.92280638  -0.38741972
 33.95448034  -0.40530163
 33.98615429  -0.42275607
 34.01782825  -0.43971302
 34.04950220  -0.45610446
 34.08117616  -0.47186463
 34.11285011  -0.48693030
 34.14452407  -0.50124105
 34.17619802  -0.51473945
 34.20787198  -0.52737135
 34.23954594  -0.53908610
 34.27121989  -0.54983668
 34.30289385  -0.55957997
 34.33456780  -0.56827689
 34.36624176  -0.57589254
 34.39791571  -0.58239639
 34.42958967  -0.58776232
 34.46126362  -0.59196882
 34.49293758  -0.59499902
 34.52461154  -0.59684076
 34.55628549  -0.59748664
 34.58795945  -0.59693408
 34.61963340  -0.59518530
 34.65130736  -0.59224731
 34.68298131  -0.58813190
 34.71465527  -0.58285557
 34.74632922  -0.57643949
 34.77800318  -0.56890940
 34.80967713  -0.56029552
 34.84135109  -0.55063239
 34.87302505  -0.53995878
 34.90469900  -0.52831750
 34.93637296  -0.51575527
 34.96804691  -0.50232246
 34.99972087  -0.48807298
 35.03139482  -0.47306399
 35.06306878  -0.45735568
 35.09474273  -0.44101109
 35.12641669  -0.42409577
 35.15809065  -0.40667759
 35.18976460  -0.38882643
 35.22143856  -0.37061388
 35.25311251  -0.35211302
 35.28478647  -0.33339806
 35.31646042  -0.31454409
 35.34813438  -0.29562672
 35.37980833  -0.27672187
 35.41148229  -0.25790535
 35.44315625  -0.23925267
 35.47483020  -0.22083864
 35.50650416  -0.20273713
 35.53817811  -0.18502077
 35.56985207  -0.16776062
 35.60152602  -0.15102592
 35.63319998  -0.13488381
 35.66487393  -0.11939905
 35.69654789  -0.10463374
 35.72822185  -0.09064713
 35.75989580  -0.07749533
 35.79156976  -0.06523109
 35.82324371  -0.05390361
 35.85491767  -0.04355834
 35.88659162  -0.03423677
 35.91826558  -0.02597631
 35.94993953  -0.01881008
 35.98161349  -0.01276684
 36.01328745  -0.00787082
 36.04496140  -0.00414168
 36.07663536  -0.00159437
 36.10830931  -0.00023911
 36.13998327  -0.00008134
 36.17165722  -0.00112168
 36.20333118  -0.00335597
 36.23500513  -0.00677524
 36.26667909  -0.01136578
 36.29835305  -0.01710917
 36.33002700  -0.02398236
 36.36170096  -0.03195780
 36.39337491  -0.04100348
 36.42504887  -0.05108311
 36.45672282  -0.06215626
 36.48839678  -0.07417851
 36.52007073  -0.08710163
 36.55174469  -0.10087378
 36.58341864  -0.11543970
 36.61509260  -0.13074098
 36.64676656  -0.14671621
 36.67844051  -0.16330132
 36.71011447  -0.18042977
 36.74178842  -0.19803286
 36.77346238  -0.21603995
 36.80513633  -0.23437883
 36.83681029  -0.25297591
 36.86848424  -0.27175659
 36.90015820  -0.29064554
 36.93183216  -0.30956697
 36.96350611  -0.32844498
 36.99518007  -0.34720385
 37.02685402  -0.36576831
 37.05852798  -0.38406390
 37.09020193  -0.40201721
 37.12187589  -0.41955623
 37.15354984  -0.43661059
 37.18522380  -0.45311189
 37.21689776  -0.46899392
 37.24857171  -0.48419298
 37.28024567  -0.49864808
 37.31191962  -0.51230125
 37.34359358  -0.52509770
 37.37526753  -0.53698611
 37.40694149  -0.54791878
 37.43861544  -0.55785186
 37.47028940  -0.56674549
 37.50196336  -0.57456400
 37.53363731  -0.58127603
 37.56531127  -0.58685465
 37.59698522  -0.59127748
 37.62865918  -0.59452678
 37.66033313  -0.59658951
 37.69200709  -0.59745739
 37.72368104  -0.59712695
 37.75535500  -0.59559951
 37.78702896  -0.59288121
 37.81870291  -0.58898293
 37.85037687  -0.58392033
 37.88205082  -0.57771370
 37.91372478  -0.57038796
 37.94539873  -0.56197249
 37.97707269  -0.55250104
 38.00874664  -0.54201162
 38.04042060  -0.53054630
 38.07209456  -0.51815107
 38.10376851  -0.50487567
 38.13544247  -0.49077335
 38.16711642  -0.47590067
 38.19879038  -0.46031732
 38.23046433  -0.44408579
 38.26213829  -0.42727120
 38.29381224  -0.40994101
 38.32548620  -0.39216474
 38.35716016  -0.37401371
 38.38883411  -0.35556072
 38.42050807  -0.33687980
 38.45218202  -0.31804589
 38.48385598  -0.29913455
 38.51552993  -0.28022164
 38.54720389  -0.26138304
 38.57887784  -0.24269431
 38.61055180  -0.22423044
 38.64222575  -0.20606548
 38.67389971  -0.18827231
 38.70557367  -0.17092231
 38.73724762  -0.15408508
 38.76892158  -0.13782817
 38.80059553  -0.12221678
 38.83226949  -0.10731356
 38.86394344  -0.09317828
 38.89561740  -0.07986765
 38.92729135  -0.06743507
 38.95896531  -0.05593041
 38.99063927  -0.04539982
 39.02231322  -0.03588555
 39.05398718  -0.02742577
 39.08566113  -0.02005441
 39.11733509  -0.01380105
 39.14900904  -0.00869077
 39.18068300  -0.00474407
 39.21235695  -0.00197678
 39.24403091  -0.00040001
 39.27570487  -0.00002008
 39.30737882  -0.00083851
 39.33905278  -0.00285202
 39.37072673  -0.00605254
 39.40240069  -0.01042723
 39.43407464  -0.01595853
 39.46574860  -0.02262425
 39.49742255  -0.03039766
 39.52909651  -0.03924757
 39.56077047  -0.04913848
 39.59244442  -0.06003072
 39.62411838  -0.07188057
 39.65579233  -0.08464052
 39.68746629  -0.09825936
 39.71914024  -0.11268247
 39.75081420  -0.12785199
 39.78248815  -0.14370706
 39.81416211  -0.16018408
 39.84583607  -0.17721695
 39.87751002  -0.19473733
 39.90918398  -0.21267495
 39.94085793  -0.23095785
 39.97253189  -0.24951267
 40.00420584  -0.26826499
 40.03587980  -0.28713958
 40.06755375  -0.30606073
 40.09922771  -0.32495251
 40.13090167  -0.34373916
 40.16257562  -0.36234531
 40.19424958  -0.38069631
 40.22592353  -0.39871855
 40.25759749  -0.41633973
 40.28927144  -0.43348916
 40.32094540  -0.45009804
 40.35261935  -0.46609975
 40.38429331  -0.48143008
 40.41596726  -0.49602756
 40.44764122  -0.50983360
 40.47931518  -0.52279283
 40.51098913  -0.53485327
 40.54266309  -0.54596652
 40.57433704  -0.55608801
 40.60601100  -0.56517714
 40.63768495  -0.57319744
 40.66935891  -0.58011673
 40.70103286  -0.58590726
 40.73270682  -0.59054581
 40.76438078  -0.59401375
 40.79605473  -0.59629719
 40.82772869  -0.59738696
 40.85940264  -0.59727868
 40.89107660  -0.59597280
 40.92275055  -0.59347455
 40.95442451  -0.58979395
 40.98609846  -0.58494577
 41.01777242  -0.57894946
 41.04944638  -0.57182907
 41.08112033  -0.56361316
 41.11279429  -0.55433471
 41.14446824  -0.54403092
 41.17614220  -0.53274313
 41.20781615  -0.52051663
 41.23949011  -0.50740045
 41.27116406  -0.49344723
 41.30283802  -0.47871294
 41.33451198  -0.46325667
 41.36618593  -0.44714044
 41.39785989  -0.43042891
 41.42953384  -0.41318910
 41.46120780  -0.39549018
 41.49288175  -0.37740315
 41.52455571  -0.35900058
 41.55622966  -0.34035627
 41.58790362  -0.32154503
 41.61957758  -0.30264232
 41.65125153  -0.28372397
 41.68292549  -0.26486588
 41.71459944  -0.24614369
 41.74627340  -0.22763251
 41.77794735  -0.20940660
 41.80962131  -0.19153908
 41.84129526  -0.17410162
 41.87296922  -0.15716418
 41.90464318  -0.14079471
 41.93631713  -0.12505886
 41.96799109  -0.11001977
 41.99966504  -0.09573777
 42.03133900  -0.08227015
 42.06301295  -0.06967094
 42.09468691  -0.05799068
 42.12636086  -0.04727624
 42.15803482  -0.03757058
 42.18970877  -0.02891265
 42.22138273  -0.02133718
 42.25305669  -0.01487455
 42.28473064  -0.00955070
 42.31640460  -0.00538699
 42.34807855  -0.00240010
 42.37975251  -0.00060204
 42.41142646  -0.00000000
 42.44310042  -0.00059641
 42.47477437  -0.00238888
 42.50644833  -0.00537020
 42.53812229  -0.00952843
 42.56979624  -0.01484688
 42.60147020  -0.02130421
 42.63314415  -0.02887452
 42.66481811  -0.03752745
 42.69649206  -0.04722828
 42.72816602  -0.05793808
 42.75983997  -0.06961391
 42.79151393  -0.08220892
 42.82318789  -0.09567259
 42.85486184  -0.10995090
 42.88653580  -0.12498657
 42.91820975  -0.14071929
 42.94988371  -0.15708595
 42.98155766  -0.17402088
 43.01323162  -0.19145615
 43.04490557  -0.20932181
 43.07657953  -0.22754621
 43.10825349  -0.24605622
 43.13992744  -0.26477759
 43.17160140  -0.28363523
 43.20327535  -0.30255347
 43.23494931  -0.32145643
 43.26662326  -0.34026828
 43.29829722  -0.35891354
 43.32997117  -0.37731743
 43.36164513  -0.39540611
 43.39331909  -0.41310702
 43.42499304  -0.43034914
 43.45666700  -0.44706332
 43.48834095  -0.46318249
 43.52001491  -0.47864200
 43.55168886  -0.49337983
 43.58336282  -0.50733685
 43.61503677  -0.52045708
 43.64671073  -0.53268788
 43.67838469  -0.54398018
 43.71005864  -0.55428869
 43.74173260  -0.56357205
 43.77340655  -0.57179303
 43.80508051  -0.57891863
 43.83675446  -0.58492028
 43.86842842  -0.58977390
 43.90010237  -0.59346002
 43.93177633  -0.59596385
 43.96345029  -0.59727535
 43.99512424  -0.59738925
 44.02679820  -0.59630510
 44.05847215  -0.59402725
 44.09014611  -0.59056484
 44.12182006  -0.58593175
 44.15349402  -0.58014658
 44.18516797  -0.57323252
 44.21684193  -0.56521732
 44.24851588  -0.55613313
 44.28018984  -0.54601640
 44.31186380  -0.53490770
 44.34353775  -0.52285160
 44.37521171  -0.50989647
 44.40688566  -0.49609427
 44.43855962  -0.48150038
 44.47023357  -0.46617334
 44.50190753  -0.45017464
 44.53358148  -0.43356846
 44.56525544  -0.41642141
 44.59692940  -0.39880228
 44.62860335  -0.38078176
 44.66027731  -0.36243213
 44.69195126  -0.34382701
 44.72362522  -0.32504103
 44.75529917  -0.30614956
 44.78697313  -0.28722837
 44.81864708  -0.26835339
 44.85032104  -0.24960032
 44.88199500  -0.23104439
 44.91366895  -0.21276005
 44.94534291  -0.19482064
 44.97701686  -0.17729813
 45.00869082  -0.16026281
 45.04036477  -0.14378303
 45.07203873  -0.12792488
 45.10371268  -0.11275200
 45.13538664  -0.09832525
 45.16706060  -0.08470250
 45.19873455  -0.07193840
 45.23040851  -0.06008415
 45.26208246  -0.04918732
 45.29375642  -0.03929161
 45.32543037  -0.03043673
 45.35710433  -0.02265818
 45.38877828  -0.01598719
 45.42045224  -0.01045051
 45.45212620  -0.00607035
 45.48380015  -0.00286429
 45.51547411  -0.00084518
 45.54714806  -0.00002112
 45.57882202  -0.00039542
 45.61049597  -0.00196659
 45.64216993  -0.00472831
 45.67384388  -0.00866950
 45.70551784  -0.01377437
 45.73719180  -0.02002242
 45.76886575  -0.02738859
 45.80053971  -0.03584334
 45.83221366  -0.04535274
 45.86388762  -0.05587865
 45.89556157  -0.06737885
 45.92723553  -0.07980718
 45.95890948  -0.09311381
 45.99058344  -0.10724535
 46.02225739  -0.12214511
 46.05393135  -0.13775331
 46.08560531  -0.15400734
 46.11727926  -0.17084200
 46.14895322  -0.18818975
 46.18062717  -0.20598101
 46.21230113  -0.22414439
 46.24397508  -0.24260704
 46.27564904  -0.26129488
 46.30732299  -0.28013296
 46.33899695  -0.29904569
 46.37067091  -0.31795722
 46.40234486  -0.33679166
 46.43401882  -0.35547348
 46.46569277  -0.37392771
 46.49736673  -0.39208034
 46.52904068  -0.40985853
 46.56071464  -0.42719098
 46.59238859  -0.44400815
 46.62406255  -0.46024257
 46.65573651  -0.47582912
 46.68741046  -0.49070527
 46.71908442  -0.50481134
 46.75075837  -0.51809076
 46.78243233  -0.53049023
 46.81410628  -0.54196003
 46.84578024  -0.55245414
 46.87745419  -0.56193046
 46.90912815  -0.57035097
 46.94080211  -0.57768190
 46.97247606  -0.58389384
 47.00415002  -0.58896187
 47.03582397  -0.59286565
 47.06749793  -0.59558953
 47.09917188  -0.59712257
 47.13084584  -0.59745864
 47.16251979  -0.59659638
 47.19419375  -0.59453924
 47.22586771  -0.59129549
 47.25754166  -0.58687814
 47.28921562  -0.58130490
 47.32088957  -0.57459813
 47.35256353  -0.56678474
 47.38423748  -0.55789607
 47.41591144  -0.54796779
 47.44758539  -0.53703971
 47.47925935  -0.52515568
 47.51093331  -0.51236337
 47.54260726  -0.49871411
 47.57428122  -0.48426264
 47.60595517  -0.46906693
 47.63762913  -0.45318796
 47.66930308  -0.43668942
 47.70097704  -0.41963749
 47.73265099  -0.40210058
 47.76432495  -0.38414905
 47.79599890  -0.36585490
 47.82767286  -0.34729153
 47.85934682  -0.32853340
 47.89102077  -0.30965577
 47.92269473  -0.29073436
 47.95436868  -0.27184509
 47.98604264  -0.25306372
 48.01771659  -0.23446560
 48.04939055  -0.21612534
 48.08106450  -0.19811652
 48.11273846  -0.18051137
 48.14441242  -0.16338053
 48.17608637  -0.14679271
 48.20776033  -0.13081446
 48.23943428  -0.11550988
 48.27110824  -0.10094036
 48.30278219  -0.08716435
 48.33445615  -0.07423712
 48.36613010  -0.06221053
 48.39780406  -0.05113281
 48.42947802  -0.04104842
 48.46115197  -0.03199780
 48.49282593  -0.02401726
 48.52449988  -0.01713882
 48.55617384  -0.01139007
 48.58784779  -0.00679407
 48.61952175  -0.00336926
 48.65119570  -0.00112939
 48.68286966  -0.00008342
 48.71454362  -0.00023557
 48.74621757  -0.00158522
 48.77789153  -0.00412695
 48.80956548  -0.00785058
 48.84123944  -0.01274115
 48.87291339  -0.01877906
 48.90458735  -0.02594008
 48.93626130  -0.03419548
 48.96793526  -0.04351215
 48.99960922  -0.05385271
 49.03128317  -0.06517568
 49.06295713  -0.07743563
 49.09463108  -0.09058339
 49.12630504  -0.10456621
 49.15797899  -0.11932799
 49.18965295  -0.13480952
 49.22132690  -0.15094869
 49.25300086  -0.16768076
 49.28467482  -0.18493860
 49.31634877  -0.20265299
 49.34802273  -0.22075286
 49.37969668  -0.23916559
 49.41137064  -0.25781733
 49.44304459  -0.27663325
 49.47471855  -0.29553787
 49.50639250  -0.31445535
 49.53806646  -0.33330980
 49.56974042  -0.35202559
 49.60141437  -0.37052763
 49.63308833  -0.38874170
 49.66476228  -0.40659473
 49.69643624  -0.42401511
 49.72811019  -0.44093295
 49.75978415  -0.45728038
 49.79145810  -0.47299182
 49.82313206  -0.48800424
 49.85480601  -0.50225742
 49.88647997  -0.51569419
 49.91815393  -0.52826063
 49.94982788  -0.53990634
 49.98150184  -0.55058460
 50.01317579  -0.56025257
 50.04484975  -0.56887147
 50.07652370  -0.57640671
 50.10819766  -0.58282809
 50.13987161  -0.58810982
 50.17154557  -0.59223073
 50.20321953  -0.59517428
 50.23489348  -0.59692866
 50.26656744  -0.59748685
 50.29824139  -0.59684659
 50.32991535  -0.59501045
 50.36158930  -0.59198581
 50.39326326  -0.58778480
 50.42493721  -0.58242426
 50.45661117  -0.57592570
 50.48828513  -0.56831520
 50.51995908  -0.55962328
 50.55163304  -0.54988481
 50.58330699  -0.53913886
 50.61498095  -0.52742854
 50.64665490  -0.51480082
 50.67832886  -0.50130637
 50.71000281  -0.48699931
 50.74167677  -0.47193704
 50.77335073  -0.45617999
 50.80502468  -0.43979136
 50.83669864  -0.42283691
 50.86837259  -0.40538464
 50.90004655  -0.38750456
 50.93172050  -0.36926842
 50.96339446  -0.35074936
 50.99506841  -0.33202167
 51.02674237  -0.31316048
 51.05841633  -0.29424146
 51.09009028  -0.27534050
 51.12176424  -0.25653342
 51.15343819  -0.23789568
 51.18511215  -0.21950203
 51.21678610  -0.20142627
 51.24846006  -0.18374092
 51.28013401  -0.16651691
 51.31180797  -0.14982334
 51.34348193  -0.13372719
 51.37515588  -0.11829302
 51.40682984  -0.10358274
 51.43850379  -0.08965538
 51.47017775  -0.07656680
 51.50185170  -0.06436951
 51.53352566  -0.05311244
 51.56519961  -0.04284075
 51.59687357  -0.03359565
 51.62854752  -0.02541421
 51.66022148  -0.01832927
 51.69189544  -0.01236924
 51.72356939  -0.00755804
 51.75524335  -0.00391497
 51.78691730  -0.00145463
 51.81859126  -0.00018690
 51.85026521  -0.00011687
 51.88193917  -0.00124482
 51.91361312  -0.00356622
 51.94528708  -0.00707175
 51.97696104  -0.01174737
 52.00863499  -0.01757430
 52.04030895  -0.02452917
 52.07198290  -0.03258409
 52.10365686  -0.04170674
 52.13533081  -0.05186053
 52.16700477  -0.06300471
 52.19867872  -0.07509459
 52.23035268  -0.08808167
 52.26202664  -0.10191384
 52.29370059  -0.11653561
 52.32537455  -0.13188834
 52.35704850  -0.14791042
 52.38872246  -0.16453759
 52.42039641  -0.18170315
 52.45207037  -0.19933822
 52.48374432  -0.21737207
 52.51541828  -0.23573236
 52.54709224  -0.25434542
 52.57876619  -0.27313659
 52.61044015  -0.29203049
 52.64211410  -0.31095132
 52.67378806  -0.32982318
 52.70546201  -0.34857036
 52.73713597  -0.36711765
 52.76880992  -0.38539065
 52.80048388  -0.40331606
 52.83215784  -0.42082197
 52.86383179  -0.43783814
 52.89550575  -0.45429633
 52.92717970  -0.47013049
 52.95885366  -0.48527712
 52.99052761  -0.49967544
 53.02220157  -0.51326771
 53.05387552  -0.52599939
 53.08554948  -0.53781940
 53.11722344  -0.54868034
 53.14889739  -0.55853863
 53.18057135  -0.56735472
 53.21224530  -0.57509324
 53.24391926  -0.58172316
 53.27559321  -0.58721788
 53.30726717  -0.59155534
 53.33894112  -0.59471816
 53.37061508  -0.59669364
 53.40228903  -0.59747386
 53.43396299  -0.59705570
 53.46563695  -0.59544082
 53.49731090  -0.59263570
 53.52898486  -0.58865160
 53.56065881  -0.58350451
 53.59233277  -0.57721506
 53.62400672  -0.56980849
 53.65568068  -0.56131452
 53.68735463  -0.55176721
 53.71902859  -0.54120487
 53.75070255  -0.52966987
 53.78237650  -0.51720848
 53.81405046  -0.50387070
 53.84572441  -0.48971002
 53.87739837  -0.47478327
 53.90907232  -0.45915031
 53.94074628  -0.44287386
 53.97242023  -0.42601921
 54.00409419  -0.40865399
 54.03576815  -0.39084784
 54.06744210  -0.37267221
 54.09911606  -0.35420001
 54.13079001  -0.33550534
 54.16246397  -0.31666320
 54.19413792  -0.29774917
 54.22581188  -0.27883913
 54.25748583  -0.26000894
 54.28915979  -0.24133414
 54.32083375  -0.22288965
 54.35250770  -0.20474945
 54.38418166  -0.18698632
 54.41585561  -0.16967152
 54.44752957  -0.15287451
 54.47920352  -0.13666267
 54.51087748  -0.12110103
 54.54255143  -0.10625204
 54.57422539  -0.09217524
 54.60589935  -0.07892712
 54.63757330  -0.06656082
 54.66924726  -0.05512594
 54.70092121  -0.04466837
 54.73259517  -0.03523005
 54.76426912  -0.02684885
 54.79594308  -0.01955838
 54.82761703  -0.01338790
 54.85929099  -0.00836216
 54.89096495  -0.00450132
 54.92263890  -0.00182086
 54.95431286  -0.00033155
 54.98598681  -0.00003935
 55.01766077  -0.00094544
 55.04933472  -0.00304618
 55.08100868  -0.00633314
 55.11268263  -0.01079315
 55.14435659  -0.01640830
 55.17603055  -0.02315608
 55.20770450  -0.03100940
 55.23937846  -0.03993678
 55.27105241  -0.04990239
 55.30272637  -0.06086625
 55.33440032  -0.07278439
 55.36607428  -0.08560899
 55.39774823  -0.09928860
 55.42942219  -0.11376835
 55.46109614  -0.12899016
 55.49277010  -0.14489295
 55.52444406  -0.16141292
 55.55611801  -0.17848382
 55.58779197  -0.19603716
 55.61946592  -0.21400251
 55.65113988  -0.23230782
 55.68281383  -0.25087964
 55.71448779  -0.26964347
 55.74616174  -0.28852404
 55.77783570  -0.30744561
 55.80950966  -0.32633227
 55.84118361  -0.34510825
 55.87285757  -0.36369824
 55.90453152  -0.38202766
 55.93620548  -0.40002297
 55.96787943  -0.41761200
 55.99955339  -0.43472416
 56.03122734  -0.45129083
 56.06290130  -0.46724553
 56.09457526  -0.48252428
 56.12624921  -0.49706576
 56.15792317  -0.51081165
 56.18959712  -0.52370681
 56.22127108  -0.53569950
 56.25294503  -0.54674162
 56.28461899  -0.55678887
 56.31629294  -0.56580094
 56.34796690  -0.57374167
 56.37964086  -0.58057922
 56.41131481  -0.58628616
 56.44298877  -0.59083958
 56.47466272  -0.59422123
 56.50633668  -0.59641754
 56.53801063  -0.59741969
 56.56968459  -0.59722368
 56.60135854  -0.59583027
 56.63303250  -0.59324507
 56.66470646  -0.58947844
 56.69638041  -0.58454549
 56.72805437  -0.57846602
 56.75972832  -0.57126441
 56.79140228  -0.56296956
 56.82307623  -0.55361473
 56.85475019  -0.54323745
 56.88642414  -0.53187936
 56.91809810  -0.51958602
 56.94977206  -0.50640675
 56.98144601  -0.49239441
 57.01311997  -0.47760522
 57.04479392  -0.46209851
 57.07646788  -0.44593648
 57.10814183  -0.42918397
 57.13981579  -0.41190818
 57.17148974  -0.39417842
 57.20316370  -0.37606582
 57.23483765  -0.35764302
 57.26651161  -0.33898395
 57.29818557  -0.32016345
 57.32985952  -0.30125702
 57.36153348  -0.28234051
 57.39320743  -0.26348980
 57.42488139  -0.24478052
 57.45655534  -0.22628772
 57.48822930  -0.20808558
 57.51990325  -0.19024713
 57.55157721  -0.17284393
 57.58325117  -0.15594579
 57.61492512  -0.13962050
 57.64659908  -0.12393355
 57.67827303  -0.10894787
 57.70994699  -0.09472358
 57.74162094  -0.08131774
 57.77329490  -0.06878413
 57.80496885  -0.05717303
 57.83664281  -0.04653102
 57.86831677  -0.03690079
 57.89999072  -0.02832097
 57.93166468  -0.02082599
 57.96333863  -0.01444591
 57.99501259  -0.00920632
 58.02668654  -0.00512824
 58.05836050  -0.00222803
 58.09003445  -0.00051734
 58.12170841  -0.00000301
 58.15338237  -0.00068712
 58.18505632  -0.00256691
 58.21673028  -0.00563485
 58.24840423  -0.00987864
 58.28007819  -0.01528124
 58.31175214  -0.02182098
 58.34342610  -0.02947163
 58.37510005  -0.03820249
 58.40677401  -0.04797855
 58.43844797  -0.05876058
 58.47012192  -0.07050534
 58.50179588  -0.08316569
 58.53346983  -0.09669087
 58.56514379  -0.11102660
 58.59681774  -0.12611538
 58.62849170  -0.14189668
 58.66016565  -0.15830719
 58.69183961  -0.17528108
 58.72351357  -0.19275026
 58.75518752  -0.21064463
 58.78686148  -0.22889243
 58.81853543  -0.24742045
 58.85020939  -0.26615435
 58.88188334  -0.28501899
 58.91355730  -0.30393869
 58.94523125  -0.32283755
 58.97690521  -0.34163976
 59.00857916  -0.36026988
 59.04025312  -0.37865318
 59.07192708  -0.39671592
 59.10360103  -0.41438563
 59.13527499  -0.43159143
 59.16694894  -0.44826430
 59.19862290  -0.46433735
 59.23029685  -0.47974610
 59.26197081  -0.49442873
 59.29364476  -0.50832636
 59.32531872  -0.52138322
 59.35699268  -0.53354693
 59.38866663  -0.54476871
 59.42034059  -0.55500353
 59.45201454  -0.56421033
 59.48368850  -0.57235218
 59.51536245  -0.57939642
 59.54703641  -0.58531480
 59.57871036  -0.59008355
 59.61038432  -0.59368357
 59.64205828  -0.59610040
 59.67373223  -0.59732434
 59.70540619  -0.59735050
 59.73708014  -0.59617876
 59.76875410  -0.59381383
 59.80042805  -0.59026519
 59.83210201  -0.58554708
 59.86377596  -0.57967842
 59.89544992  -0.57268276
 59.92712388  -0.56458816
 59.95879783  -0.55542710
 59.99047179  -0.54523632
 60.02214574  -0.53405671
 60.05381970  -0.52193311
 60.08549365  -0.50891417
 60.11716761  -0.49505210
 60.14884156  -0.48040252
 60.18051552  -0.46502419
 60.21218948  -0.44897881
 60.24386343  -0.43233074
 60.27553739  -0.41514677
 60.30721134  -0.39749584
 60.33888530  -0.37944876
 60.37055925  -0.36107792
 60.40223321  -0.34245701
 60.43390716  -0.32366075
 60.46558112  -0.30476453
 60.49725508  -0.28584415
 60.52892903  -0.26697552
 60.56060299  -0.24823434
 60.59227694  -0.22969578
 60.62395090  -0.21143422
 60.65562485  -0.19352290
 60.68729881  -0.17603369
 60.71897276  -0.15903675
 60.75064672  -0.14260026
 60.78232068  -0.12679016
 60.81399463  -0.11166987
 60.84566859  -0.09730004
 60.87734254  -0.08373834
 60.90901650  -0.07103915
 60.94069045  -0.05925342
 60.97236441  -0.04842844
 61.00403836  -0.03860763
 61.03571232  -0.02983038
 61.06738627  -0.02213192
 61.09906023  -0.01554311
 61.13073419  -0.01009039
 61.16240814  -0.00579564
 61.19408210  -0.00267609
 61.22575605  -0.00074424
 61.25743001  -0.00000786
 61.28910396  -0.00046989
 61.32077792  -0.00212848
 61.35245187  -0.00497697
 61.38412583  -0.00900395
 61.41579979  -0.01419325
 61.44747374  -0.02052406
 61.47914770  -0.02797098
 61.51082165  -0.03650413
 61.54249561  -0.04608929
 61.57416956  -0.05668801
 61.60584352  -0.06825776
 61.63751747  -0.08075212
 61.66919143  -0.09412099
 61.70086539  -0.10831073
 61.73253934  -0.12326441
 61.76421330  -0.13892205
 61.79588725  -0.15522082
 61.82756121  -0.17209536
 61.85923516  -0.18947797
 61.89090912  -0.20729890
 61.92258307  -0.22548668
 61.95425703  -0.24396834
 61.98593099  -0.26266973
 62.01760494  -0.28151584
 62.04927890  -0.30043106
 62.08095285  -0.31933952
 62.11262681  -0.33816535
 62.14430076  -0.35683304
 62.17597472  -0.37526769
 62.20764867  -0.39339536
 62.23932263  -0.41114333
 62.27099659  -0.42844039
 62.30267054  -0.44521715
 62.33434450  -0.46140633
 62.36601845  -0.47694296
 62.39769241  -0.49176473
 62.42936636  -0.50581217
 62.46104032  -0.51902893
 62.49271427  -0.53136199
 62.52438823  -0.54276188
 62.55606219  -0.55318286
 62.58773614  -0.56258313
 62.61941010  -0.57092497
 62.65108405  -0.57817493
 62.68275801  -0.58430392
 62.71443196  -0.58928735
 62.74610592  -0.59310524
 62.77777987  -0.59574225
 62.80945383  -0.59718783
 62.84112778  -0.59743616
 62.87280174  -0.59648625
 62.90447570  -0.59434191
 62.93614965  -0.59101175
 62.96782361  -0.58650912
 62.99949756  -0.58085208
 63.03117152  -0.57406334
 63.06284547  -0.56617012
 63.09451943  -0.55720408
 63.12619338  -0.54720121
 63.15786734  -0.53620162
 63.18954130  -0.52424943
 63.22121525  -0.51139261
 63.25288921  -0.49768272
 63.28456316  -0.48317476
 63.31623712  -0.46792694
 63.34791107  -0.45200042
 63.37958503  -0.43545909
 63.41125898  -0.41836932
 63.44293294  -0.40079965
 63.47460690  -0.38282057
 63.50628085  -0.36450421
 63.53795481  -0.34592405
 63.56962876  -0.32715461
 63.60130272  -0.30827120
 63.63297667  -0.28934957
 63.66465063  -0.27046563
 63.69632458  -0.25169512
 63.72799854  -0.23311336
 63.75967250  -0.21479489
 63.79134645  -0.19681318
 63.82302041  -0.17924038
 63.85469436  -0.16214698
 63.88636832  -0.14560156
 63.91804227  -0.12967048
 63.94971623  -0.11441766
 63.98139018  -0.09990429
 64.01306414  -0.08618858
 64.04473810  -0.07332556
 64.07641205  -0.06136684
 64.10808601  -0.05036038
 64.13975996  -0.04035034
 64.17143392  -0.03137687
 64.20310787  -0.02347598
 64.23478183  -0.01667935
 64.26645578  -0.01101426
 64.29812974  -0.00650343
 64.32980370  -0.00316496
 64.36147765  -0.00101224
 64.39315161  -0.00005390
 64.42482556  -0.00029379
 64.45649952  -0.00173094
 64.48817347  -0.00435960
 64.51984743  -0.00816921
 64.55152138  -0.01314450
 64.58319534  -0.01926550
 64.61486929  -0.02650766
 64.64654325  -0.03484193
 64.67821721  -0.04423487
 64.70989116  -0.05464880
 64.74156512  -0.06604195
 64.77323907  -0.07836861
 64.80491303  -0.09157933
 64.83658698  -0.10562111
 64.86826094  -0.12043763
 64.89993489  -0.13596944
 64.93160885  -0.15215424
 64.96328281  -0.16892711
 64.99495676  -0.18622074
 65.02663072  -0.20396578
 65.05830467  -0.22209103
 65.08997863  -0.24052378
 65.12165258  -0.25919008
 65.15332654  -0.27801507
 65.18500049  -0.29692320
 65.21667445  -0.31583864
 65.24834841  -0.33468550
 65.28002236  -0.35338818
 65.31169632  -0.37187165
 65.34337027  -0.39006175
 65.37504423  -0.40788552
 65.40671818  -0.42527146
 65.43839214  -0.44214981
 65.47006609  -0.45845288
 65.50174005  -0.47411525
 65.53341401  -0.48907411
 65.56508796  -0.50326943
 65.59676192  -0.51664427
 65.62843587  -0.52914497
 65.66010983  -0.54072140
 65.69178378  -0.55132711
 65.72345774  -0.56091954
 65.75513169  -0.56946023
 65.78680565  -0.57691491
 65.81847961  -0.58325368
 65.85015356  -0.58845109
 65.88182752  -0.59248632
 65.91350147  -0.59534316
 65.94517543  -0.59701016
 65.97684938  -0.59748063
 66.00852334  -0.59675268
 66.04019729  -0.59482923
 66.07187125  -0.59171801
 66.10354521  -0.58743148
 66.13521916  -0.58198685
 66.16689312  -0.57540595
 66.19856707  -0.56771520
 66.23024103  -0.55894543
 66.26191498  -0.54913184
 66.29358894  -0.53831378
 66.32526289  -0.52653466
 66.35693685  -0.51384173
 66.38861081  -0.50028591
 66.42028476  -0.48592158
 66.45195872  -0.47080637
 66.48363267  -0.45500091
 66.51530663  -0.43856860
 66.54698058  -0.42157537
 66.57865454  -0.40408938
 66.61032849  -0.38618079
 66.64200245  -0.36792144
 66.67367640  -0.34938457
 66.70535036  -0.33064455
 66.73702432  -0.31177656
 66.76869827  -0.29285629
 66.80037223  -0.27395963
 66.83204618  -0.25516240
 66.86372014  -0.23653999
 66.89539409  -0.21816713
 66.92706805  -0.20011751
 66.95874200  -0.18246354
 66.99041596  -0.16527604
 67.02208992  -0.14862397
 67.05376387  -0.13257411
 67.08543783  -0.11719087
 67.11711178  -0.10253594
 67.14878574  -0.08866813
 67.18045969  -0.07564306
 67.21213365  -0.06351298
 67.24380760  -0.05232656
 67.27548156  -0.04212867
 67.30715552  -0.03296022
 67.33882947  -0.02485799
 67.37050343  -0.01785449
 67.40217738  -0.01197781
 67.43385134  -0.00725152
 67.46552529  -0.00369459
 67.49719925  -0.00132128
 67.52887320  -0.00014112
 67.56054716  -0.00015883
 67.59222112  -0.00137436
 67.62389507  -0.00378281
 67.65556903  -0.00737454
 67.68724298  -0.01213512
 67.71891694  -0.01804548
 67.75059089  -0.02508188
 67.78226485  -0.03321611
 67.81393880  -0.04241554
 67.84561276  -0.05264326
 67.87728672  -0.06385823
 67.90896067  -0.07601548
 67.94063463  -0.08906623
 67.97230858  -0.10295812
 68.00398254  -0.11763544
 68.03565649  -0.13303928
 68.06733045  -0.14910788
 68.09900440  -0.16577675
 68.13067836  -0.18297903
 68.16235232  -0.20064572
 68.19402627  -0.21870594
 68.22570023  -0.23708725
 68.25737418  -0.25571589
 68.28904814  -0.27451715
 68.32072209  -0.29341559
 68.35239605  -0.31233541
 68.38407000  -0.33120070
 68.41574396  -0.34993579
 68.44741791  -0.36846552
 68.47909187  -0.38671555
 68.51076583  -0.40461267
 68.54243978  -0.42208508
 68.57411374  -0.43906270
 68.60578769  -0.45547741
 68.63746165  -0.47126337
 68.66913560  -0.48635724
 68.70080956  -0.50069848
 68.73248351  -0.51422956
 68.76415747  -0.52689619
 68.79583143  -0.53864756
 68.82750538  -0.54943653
 68.85917934  -0.55921981
 68.89085329  -0.56795817
 68.92252725  -0.57561654
 68.95420120  -0.58216420
 68.98587516  -0.58757489
 69.01754911  -0.59182690
 69.04922307  -0.59490318
 69.08089703  -0.59679137
 69.11257098  -0.59748391
 69.14424494  -0.59697803
 69.17591889  -0.59527574
 69.20759285  -0.59238387
 69.23926680  -0.58831404
 69.27094076  -0.58308256
 69.30261471  -0.57671043
 69.33428867  -0.56922320
 69.36596263  -0.56065090
 69.39763658  -0.55102794
 69.42931054  -0.54039291
 69.46098449  -0.52878848
 69.49265845  -0.51626120
 69.52433240  -0.50286132
 69.55600636  -0.48864260
 69.58768031  -0.47366207
 69.61935427  -0.45797985
 69.65102823  -0.44165882
 69.68270218  -0.42476448
 69.71437614  -0.40736459
 69.74605009  -0.38952896
 69.77772405  -0.37132913
 69.80939800  -0.35283812
 69.84107196  -0.33413010
 69.87274591  -0.31528012
 69.90441987  -0.29636381
 69.93609383  -0.27745705
 69.96776778  -0.25863568
 69.99944174  -0.23997520
 70.03111569  -0.22155049
 70.06278965  -0.20343544
 70.09446360  -0.18570274
 70.12613756  -0.16842351
 70.15781151  -0.15166707
 70.18948547  -0.13550065
 70.22115942  -0.11998911
 70.25283338  -0.10519465
 70.28450734  -0.09117664
 70.31618129  -0.07799131
 70.34785525  -0.06569156
 70.37952920  -0.05432672
 70.41120316  -0.04394238
 70.44287711  -0.03458022
 70.47455107  -0.02627777
 70.50622502  -0.01906836
 70.53789898  -0.01298089
 70.56957294  -0.00803980
 70.60124689  -0.00426490
 70.63292085  -0.00167133
 70.66459480  -0.00026951
 70.69626876  -0.00006505
 70.72794271  -0.00105877
 70.75961667  -0.00324669
 70.79129062  -0.00662003
 70.82296458  -0.01116527
 70.85463854  -0.01686415
 70.88631249  -0.02369383
 70.91798645  -0.03162690
 70.94966040  -0.04063155
 70.98133436  -0.05067164
 71.01300831  -0.06170690
 71.04468227  -0.07369306
 71.07635622  -0.08658204
 71.10803018  -0.10032213
 71.13970414  -0.11485821
 71.17137809  -0.13013197
 71.20305205  -0.14608214
 71.23472600  -0.16264472
 71.26639996  -0.17975329
 71.29807391  -0.19733919
 71.32974787  -0.21533190
 71.36142182  -0.23365922
 71.39309578  -0.25224763
 71.42476974  -0.27102257
 71.45644369  -0.28990871
 71.48811765  -0.30883030
 71.51979160  -0.32771143
 71.55146556  -0.34647635
 71.58313951  -0.36504978
 71.61481347  -0.38335722
 71.64648742  -0.40132522
 71.67816138  -0.41888171
 71.70983534  -0.43595624
 71.74150929  -0.45248034
 71.77318325  -0.46838770
 71.80485720  -0.48361451
 71.83653116  -0.49809970
 71.86820511  -0.51178515
 71.89987907  -0.52461595
 71.93155302  -0.53654064
 71.96322698  -0.54751139
 71.99490094  -0.55748417
 72.02657489  -0.56641899
 72.05824885  -0.57427999
 72.08992280  -0.58103565
 72.12159676  -0.58665887
 72.15327071  -0.59112708
 72.18494467  -0.59442236
 72.21661862  -0.59653149
 72.24829258  -0.59744601
 72.27996653  -0.59716225
 72.31164049  -0.59568135
 72.34331445  -0.59300925
 72.37498840  -0.58915668
 72.40666236  -0.58413907
 72.43833631  -0.57797657
 72.47001027  -0.57069390
 72.50168422  -0.56232027
 72.53335818  -0.55288926
 72.56503213  -0.54243873
 72.59670609  -0.53101058
 72.62838005  -0.51865067
 72.66005400  -0.50540858
 72.69172796  -0.49133743
 72.72340191  -0.47649366
 72.75507587  -0.46093683
 72.78674982  -0.44472935
 72.81842378  -0.42793622
 72.85009773  -0.41062483
 72.88177169  -0.39286461
 72.91344565  -0.37472682
 72.94511960  -0.35628421
 72.97679356  -0.33761077
 73.00846751  -0.31878141
 73.04014147  -0.29987167
 73.07181542  -0.28095740
 73.10348938  -0.26211449
 73.13516333  -0.24341851
 73.16683729  -0.22494448
 73.19851125  -0.20676651
 73.23018520  -0.18895751
 73.26185916  -0.17158894
 73.29353311  -0.15473046
 73.32520707  -0.13844971
 73.35688102  -0.12281199
 73.38855498  -0.10788005
 73.42022893  -0.09371377
 73.45190289  -0.08037000
 73.48357685  -0.06790226
 73.51525080  -0.05636057
 73.54692476  -0.04579123
 73.57859871  -0.03623663
 73.61027267  -0.02773512
 73.64194662  -0.02032078
 73.67362058  -0.01402337
 73.70529453  -0.00886815
 73.73696849  -0.00487580
 73.76864245  -0.00206234
 73.80031640  -0.00043905
 73.83199036  -0.00001244
 73.86366431  -0.00078423
 73.89533827  -0.00275131
 73.92701222  -0.00590581
 73.95868618  -0.01023506
 73.99036013  -0.01572169
 74.02203409  -0.02234370
 74.05370804  -0.03007452
 74.08538200  -0.03888314
 74.11705596  -0.04873422
 74.14872991  -0.05958825
 74.18040387  -0.07140167
 74.21207782  -0.08412710
 74.24375178  -0.09771349
 74.27542573  -0.11210634
 74.30709969  -0.12724791
 74.33877364  -0.14307745
 74.37044760  -0.15953146
 74.40212156  -0.17654394
 74.43379551  -0.19404664
 74.46546947  -0.21196935
 74.49714342  -0.23024016
 74.52881738  -0.24878578
 74.56049133  -0.26753181
 74.59216529  -0.28640306
 74.62383924  -0.30532380
 74.65551320  -0.32421816
 74.68718716  -0.34301032
 74.71886111  -0.36162490
 74.75053507  -0.37998722
 74.78220902  -0.39802363
 74.81388298  -0.41566176
 74.84555693  -0.43283087
 74.87723089  -0.44946206
 74.90890484  -0.46548864
 74.94057880  -0.48084630
 74.97225276  -0.49547343
 75.00392671  -0.50931136
 75.03560067  -0.52230457
 75.06727462  -0.53440094
 75.09894858  -0.54555195
 75.13062253  -0.55571285
 75.16229649  -0.56484290
 75.19397044  -0.57290546
 75.22564440  -0.57986818
 75.25731836  -0.58570315
 75.28899231  -0.59038694
 75.32066627  -0.59390077
 75.35234022  -0.59623055
 75.38401418  -0.59736692
 75.41568813  -0.59730533
 75.44736209  -0.59604603
 75.47903604  -0.59359406
 75.51071000  -0.58995927
 75.54238396  -0.58515624
 75.57405791  -0.57920422
 75.60573187  -0.57212711
 75.63740582  -0.56395329
 75.66907978  -0.55471555
 75.70075373  -0.54445095
 75.73242769  -0.53320066
 75.76410164  -0.52100983
 75.79577560  -0.50792735
 75.82744955  -0.49400570
 75.85912351  -0.47930074
 75.89079747  -0.46387145
 75.92247142  -0.44777974
 75.95414538  -0.43109015
 75.98581933  -0.41386964
 76.01749329  -0.39618728
 76.04916724  -0.37811402
 76.08084120  -0.35972236
 76.11251515  -0.34108608
 76.14418911  -0.32227993
 76.17586307  -0.30337937
 76.20753702  -0.28446021
 76.23921098  -0.26559835
 76.27088493  -0.24686945
 76.30255889  -0.22834866
 76.33423284  -0.21011026
 76.36590680  -0.19222743
 76.39758075  -0.17477190
 76.42925471  -0.15781370
 76.46092867  -0.14142086
 76.49260262  -0.12565913
 76.52427658  -0.11059175
 76.55595053  -0.09627917
 76.58762449  -0.08277880
 76.61929844  -0.07014480
 76.65097240  -0.05842784
 76.68264635  -0.04767495
 76.71432031  -0.03792924
 76.74599427  -0.02922983
 76.77766822  -0.02161159
 76.80934218  -0.01510511
 76.84101613  -0.00973648
 76.87269009  -0.00552723
 76.90436404  -0.00249426
 76.93603800  -0.00064972
 76.96771195  -0.00000102
 76.99938591  -0.00055077
 77.03105987  -0.00229675
 77.06273382  -0.00523196
 77.09440778  -0.00934463
 77.12608173  -0.01461825
 77.15775569  -0.02103168
 77.18942964  -0.02855919
 77.22110360  -0.03717057
 77.25277755  -0.04683128
 77.28445151  -0.05750257
 77.31612547  -0.06914162
 77.34779942  -0.08170175
 77.37947338  -0.09513257
 77.41114733  -0.10938020
 77.44282129  -0.12438749
 77.47449524  -0.14009422
 77.50616920  -0.15643740
 77.53784315  -0.17335145
 77.56951711  -0.19076853
 77.60119107  -0.20861876
 77.63286502  -0.22683055
 77.66453898  -0.24533082
 77.69621293  -0.26404536
 77.72788689  -0.28289910
 77.75956084  -0.30181640
 77.79123480  -0.32072138
 77.82290875  -0.33953819
 77.85458271  -0.35819134
 77.88625666  -0.37660602
 77.91793062  -0.39470835
 77.94960458  -0.41242570
 77.98127853  -0.42968700
 78.01295249  -0.44642301
 78.04462644  -0.46256659
 78.07630040  -0.47805297
 78.10797435  -0.49282003
 78.13964831  -0.50680854
 78.17132226  -0.51996236
 78.20299622  -0.53222875
 78.23467018  -0.54355848
 78.26634413  -0.55390611
 78.29801809  -0.56323012
 78.32969204  -0.57149312
 78.36136600  -0.57866195
 78.39303995  -0.58470786
 78.42471391  -0.58960659
 78.45638786  -0.59333849
 78.48806182  -0.59588859
 78.51973578  -0.59724666
 78.55140973  -0.59740725
 78.58308369  -0.59636971
 78.61475764  -0.59413822
 78.64643160  -0.59072172
 78.67810555  -0.58613391
 78.70977951  -0.58039320
 78.74145346  -0.57352263
 78.77312742  -0.56554974
 78.80480138  -0.55650654
 78.83647533  -0.54642929
 78.86814929  -0.53535842
 78.89982324  -0.52333834
 78.93149720  -0.51041727
 78.96317115  -0.49664706
 78.99484511  -0.48208293
 79.02651906  -0.46678331
 79.05819302  -0.45080959
 79.08986698  -0.43422583
 79.12154093  -0.41709857
 79.15321489  -0.39949652
